# Synthetic point estimates of Moho depth (from CRUST1.0)
# Generated by sinthetic-crust1.ipynb on 12 February 2016 18:08:15 UTC
# Moho depth is given in meters.
# lat lon depth
-9.03870 -37.04540 34586.02205
-19.73930 -50.23310 43143.98910
-18.54710 -52.02510 44763.81222
-18.50810 -52.07400 44851.56680
-20.47600 -55.69900 34982.63738
-15.66460 -51.80780 31652.06381
-21.36250 -46.12340 40057.62534
-21.29000 -42.86060 41364.95282
-1.91560 -59.41380 36360.34939
-20.03980 -46.03080 38416.87624
-21.22200 -43.80100 39639.64938
-15.64180 -48.01480 41022.94170
-1.45030 -48.44430 43805.53213
-21.08210 -48.50760 43077.86800
-19.98740 -44.14930 40963.17524
-22.53530 -45.58540 40139.51279
-20.99850 -44.76350 38536.58482
-21.68020 -46.73260 41199.09814
-21.78400 -41.42900 36936.61366
-22.96810 -50.37780 42639.98216
-22.81250 -51.01550 41970.09344
-8.17690 -36.01030 33479.47799
-8.17680 -36.00930 33479.96441
-18.42530 -51.21260 43501.67935
-20.23650 -44.71820 40690.81645
-18.76550 -52.83930 44800.95942
-19.57920 -54.16880 41761.34572
-17.74330 -48.68920 38874.32528
-26.33060 -57.33090 36255.82587
-6.17020 -50.15460 38225.90622
-13.43210 -44.58190 38878.00904
-5.49450 -38.67090 31608.56894
-13.81420 -47.37670 40473.66232
-13.75710 -47.22410 40622.57107
-23.69030 -46.00990 32422.19285
-20.48760 -45.63890 37603.69001
-20.67820 -46.27790 38710.46453
-15.26440 -49.08550 42301.54090
-21.77720 -48.81390 42342.71414
-23.25240 -46.11640 35610.03275
-1.12720 -47.60850 34484.92741
-20.00050 -47.71390 43224.43244
-27.30820 -52.34110 42792.71632
-15.98870 -39.62820 39741.85313
-17.89290 -51.49290 43926.11483
-21.72780 -43.32580 40426.24631
-15.46780 -44.50510 38650.97717
-24.09300 -47.71630 37671.69337
-21.05500 -42.00400 41240.84805
-21.43360 -54.18420 39602.12695
-28.61050 -49.55820 36704.99253
-19.37550 -47.59300 41519.70095
-20.66280 -47.68590 42688.82940
-20.87930 -48.93060 43537.68862
-21.60740 -51.26180 43089.36166
-23.33820 -45.62170 35765.91086
-15.13690 -50.86340 34180.09135
-12.53060 -39.12380 41888.48303
-22.45650 -52.83680 46125.95369
-13.33040 -49.07870 36747.57906
-17.60030 -54.87970 33963.16738
-22.03260 -51.31360 42225.01517
-17.27020 -46.81880 39171.48762
-21.46300 -57.47560 43239.40976
-22.41910 -47.53100 41826.04849
-22.41910 -47.53100 41826.04849
-20.07370 -47.50190 42852.47520
-24.69680 -48.82760 35120.27315
-16.57050 -50.34550 34237.74962
0.90510 -51.87710 37521.15915
-23.59270 -47.42700 39057.17544
-2.75150 -54.95720 41938.03866
-20.67240 -51.32600 47278.55122
-18.09220 -44.92900 36967.01101
-22.15410 -43.19550 38199.72160
-4.87300 -42.70590 39796.08019
-23.00220 -46.96580 38880.32741
5.20700 -52.73200 32867.82084
5.11000 -52.64400 33672.92192
-5.82740 -35.90140 32692.47743
-9.20000 -63.18320 43330.02176
-8.80000 -63.35000 42643.65890
-38.05680 -61.97870 34632.38480
-40.73300 -70.55100 35932.63937
-16.17270 -68.07840 53571.49228
-0.73080 -59.96660 47476.09047
-15.64180 -48.01480 41022.94170
-13.09930 -48.28980 38684.48673
-3.77830 -38.76800 30457.12855
-15.05810 -44.31120 38540.46214
-11.61230 -56.72960 38091.83686
-17.97070 -47.70180 36388.67098
-3.79200 -49.70900 34525.14102
-8.42950 -35.83610 33625.71888
-4.58130 -38.29210 33067.40061
-6.12160 -38.27080 30933.55061
-3.74520 -40.27170 32748.06590
-6.78150 -35.64400 30290.87656
-2.00000 -59.80000 36722.49574
-2.92500 -60.10000 38945.25918
-13.80000 -47.45000 40404.18429
-13.80000 -47.27000 40590.90927
-9.20880 -40.89480 42697.28374
-10.58000 -49.03000 35923.24465
-9.85000 -48.30000 38734.17279
-6.65690 -43.55860 36226.65159
-18.83130 -40.84650 34201.40939
-29.31430 -50.85270 39962.99015
-30.51190 -53.49050 37626.31557
-23.02070 -44.44040 35792.15645
-23.34390 -49.56400 41037.70407
-23.85280 -50.26970 41370.78156
-24.45210 -51.50360 40223.62594
-12.10560 -48.30060 38658.12418
-31.75460 -53.64560 36246.40147
-24.29550 -51.13530 40475.31211
-23.62490 -45.87700 33136.98736
-27.12000 -49.46000 37582.99678
-18.70290 -41.18470 34631.23099
-18.53730 -46.43800 37776.65078
-10.15010 -67.74700 40827.83749
-6.97000 -74.61000 39543.26507
-7.47000 -73.75000 37903.02701
-7.29000 -74.21000 38330.43175
-6.70000 -74.75000 40403.08900
-7.72000 -74.46000 38441.64641
-8.06000 -73.87000 39235.63579
-9.66860 -36.27460 29961.97804
-4.22430 -38.29100 31723.66264
-12.58880 -39.18090 41355.31895
-10.99250 -37.78900 29149.48558
-7.36450 -36.94970 33095.32378
-7.36540 -38.76410 33228.19624
-3.31070 -40.04140 32152.61711
-5.75030 -37.11210 30251.66198
-5.54320 -39.58370 32221.72107
-4.39400 -41.44570 35651.79027
-6.41780 -35.29050 28379.99825
-8.67950 -35.12720 30309.74591
-9.12180 -38.06320 35783.74267
-20.61687 -40.72521 25869.64063
-21.82566 -41.65740 38493.91249
-22.08097 -42.37418 34911.21041
-24.81142 -48.10235 35337.53996
-22.86516 -43.96409 36244.68889
-24.29011 -47.27534 35853.38736
-19.31422 -40.39437 31255.70093
-23.32430 -45.15590 35277.30189
-25.32354 -49.00464 35371.28368
-22.28008 -43.44262 38318.58256
4.57000 -52.51000 37507.85129
4.70000 -52.39000 36678.28521
4.87000 -52.25000 35439.89989
4.95000 -52.18000 34756.20515
5.11000 -52.04000 33189.76669
5.27000 -51.90000 31345.04712
5.53000 -51.68000 27997.56237
5.69000 -51.55000 25480.30795
5.81000 -51.44000 23170.35420
5.87000 -51.39000 22141.36324
6.13000 -51.17000 18284.95225
6.39000 -50.95000 15629.14987
6.64000 -50.73000 15507.78736
6.83000 -50.57000 15585.16535
7.02000 -50.40000 15498.90558
7.30000 -50.16000 15484.21891
5.42000 -54.09000 35323.34288
5.74000 -53.94000 33241.75209
6.24000 -53.72000 30508.17260
6.65000 -53.53000 28966.67568
7.06000 -53.34000 28055.54875
7.70000 -53.05000 21823.45451
8.03000 -52.90000 16852.26035
8.35000 -52.75000 13419.74737
8.60000 -52.64000 12341.49328
8.93000 -52.49000 12476.48685
9.26000 -52.34000 13301.21918
9.79000 -52.10000 14605.12046
-1.25000 -39.71670 11730.34013
-0.98330 -40.41670 12152.71421
-0.63330 -39.95000 11932.89311
-0.35000 -40.50000 12796.27880
0.91670 -38.91670 12053.07444
1.05000 -39.25000 12103.71167
4.96670 -46.80000 14435.36300
5.41670 -46.61670 13937.50040
2.15000 -44.55000 14303.39117
2.86670 -44.65000 13916.03392
2.83330 -42.80000 13219.84674
-10.98000 -81.50000 13756.69984
-10.23000 -82.13000 13306.45610
-10.23000 -82.13000 13306.45610
-10.53000 -83.07000 11138.10197
-8.73000 -82.32000 11142.74070
-7.85000 -82.62000 11346.76187
-7.85000 -82.62000 11346.76187
-7.55000 -81.68000 10773.89330
-8.63000 -79.30000 27697.03152
-7.33000 -80.05000 28861.09063
-12.00000 -86.30000 11299.30864
-12.00000 -81.70000 11285.02340
-12.00000 -80.45000 10810.38269
-12.00000 -79.95000 10628.66736
-12.00000 -79.00000 15370.28603
-9.40000 -80.80000 11438.28100
-34.50000 -49.18000 15288.06692
-34.00000 -48.28000 14829.43151
-33.98000 -47.88000 15084.67796
-33.87000 -46.60000 14895.00272
-33.95000 -45.43000 11868.27073
-33.38000 -44.07000 15059.78779
-33.28000 -42.42000 13258.56643
-33.20000 -41.82000 12580.00903
-33.08000 -40.77000 12410.89680
-32.90000 -39.77000 12616.90205
-31.40000 -40.08000 11911.06114
-31.10000 -39.72000 12010.94900
-31.40000 -40.08000 11911.06114
-30.87000 -39.45000 12087.72429
-28.60000 -41.52000 12119.89820
-28.92000 -41.07000 11832.71272
-27.17000 -43.45000 16942.42040
-27.53000 -43.07000 15328.04646
1.70000 -76.20000 44324.79896
2.60000 -75.70000 59786.76649
3.40000 -75.20000 63128.49679
-0.40000 -78.40000 54242.00952
3.97000 -81.16000 18854.44333
3.92000 -80.76000 20650.73180
3.87000 -80.40000 18726.72502
3.85000 -80.07000 14572.13515
3.80000 -79.68000 9488.78239
3.78000 -79.23000 11348.56003
3.76000 -78.86000 16701.90974
3.77000 -78.48000 21404.06872
3.74000 -78.09000 26092.62891
3.77000 -77.69000 29072.32527
3.70000 -77.40000 29592.17886
3.68000 -77.34000 29489.77199
3.80000 -76.65000 28586.48264
3.74000 -76.40000 32599.02510
3.97000 -81.16000 18854.44333
3.92000 -80.76000 20650.73180
3.87000 -80.40000 18726.72502
3.85000 -80.07000 14572.13515
3.80000 -79.68000 9488.78239
3.78000 -79.23000 11348.56003
3.76000 -78.86000 16701.90974
3.77000 -78.48000 21404.06872
3.74000 -78.09000 26092.62891
3.56000 -81.06000 16433.54574
3.34000 -80.76000 16333.14572
3.06000 -80.44000 14623.02804
2.78000 -80.07000 13962.84061
2.50000 -79.70000 15873.67108
2.27000 -79.36000 19276.30134
2.08000 -79.08000 21280.56544
4.10000 -76.30000 32934.21232
9.70000 -64.61000 40039.42992
9.33000 -64.35000 43749.51350
8.94000 -64.19000 44547.71526
8.19000 -63.87000 40331.54252
7.80000 -63.60000 39464.17618
7.20000 -63.40000 39218.86851
-13.30710 -50.25570 40095.24236
-13.26550 -49.71290 37242.08993
-13.33000 -49.29000 36440.80374
-13.39090 -48.87410 37159.41235
-13.54690 -48.57780 38055.13643
-13.50000 -48.35000 38619.46267
-13.53000 -48.09000 39294.88043
-13.63290 -47.79490 39993.93204
-13.80030 -47.37530 40479.19632
-13.80730 -46.87730 40895.53931
-13.95860 -46.33470 40932.51138
-14.26620 -45.97460 40772.77808
-14.64860 -45.65670 40553.27411
-9.33000 -39.95000 41550.43519
-8.82000 -40.03000 42061.41932
-8.27000 -40.12000 41426.69084
-9.72000 -40.33000 41592.51587
-9.60000 -40.78000 42512.28694
-9.40000 -41.35000 42822.38299
4.32000 -47.64000 16903.62871
4.31000 -47.40000 16077.68632
4.32000 -47.17000 15623.52891
4.34000 -46.95000 15567.41465
4.37000 -46.71000 15593.69668
4.40000 -46.50000 15541.84920
4.41000 -46.28000 15339.72016
4.42000 -46.04000 14952.48268
4.62000 -47.44000 15244.20964
5.25000 -46.75000 14085.85779
5.60000 -46.37000 13518.67794
5.93000 -46.00000 12808.04667
-20.50000 -39.00000 18818.84603
-21.00000 -40.00000 22160.20766
-21.00000 -39.00000 17969.22893
-21.00000 -38.00000 13348.62348
-22.00000 -41.00000 28110.91808
-22.00000 -40.00000 22770.62739
-22.00000 -39.00000 17839.06029
-22.00000 -38.00000 12996.31812
-23.00000 -42.00000 26558.33384
-23.00000 -41.00000 23610.29812
-23.00000 -40.00000 19862.10986
-23.00000 -39.00000 16457.34751
-23.00000 -38.00000 13587.40186
-24.00000 -43.00000 23303.38137
-24.00000 -42.00000 21374.27755
-24.00000 -41.00000 19111.55954
-24.00000 -40.00000 15906.15182
-24.00000 -39.00000 15668.85310
-24.00000 -38.00000 14870.49244
-25.00000 -47.00000 33781.06649
-25.00000 -46.00000 29269.11002
-25.00000 -45.00000 24553.62758
-25.00000 -44.00000 23552.88698
-25.00000 -43.00000 20210.71827
-25.00000 -42.00000 18191.66367
-25.00000 -41.00000 15543.00089
-25.00000 -40.00000 12631.04797
-25.00000 -39.00000 13854.50012
-25.00000 -38.00000 14428.75837
-26.00000 -47.00000 32306.08788
-26.00000 -46.00000 32567.60410
-26.00000 -45.00000 26481.37272
-26.00000 -44.00000 23294.29860
-26.00000 -43.00000 21152.08799
-26.00000 -42.00000 19015.38758
-26.00000 -41.00000 16497.73574
-26.00000 -40.00000 13473.22940
-26.00000 -39.00000 14005.53416
-27.00000 -47.00000 30501.50885
-27.00000 -46.00000 30189.73562
-27.00000 -45.00000 23442.53050
-27.00000 -44.00000 18887.77808
-27.00000 -43.00000 18823.71791
-27.00000 -42.00000 18275.18144
-27.00000 -41.00000 15716.95618
-27.00000 -40.00000 13159.27408
-27.00000 -39.00000 13367.99427
-28.00000 -47.00000 28584.84852
-28.00000 -46.00000 23304.69011
-28.00000 -45.00000 17949.53065
-28.00000 -44.00000 13792.97865
-28.00000 -43.00000 13907.06723
-28.00000 -42.00000 15385.37788
-28.00000 -41.00000 11945.57310
-28.00000 -40.00000 11165.97937
-28.00000 -39.00000 12232.66179
-28.80000 -47.00000 25119.75256
-28.80000 -46.00000 19752.46107
-28.80000 -45.00000 15676.60623
-28.80000 -44.00000 13106.04463
-28.90000 -43.00000 12336.82739
-28.90000 -42.00000 12323.88561
-28.90000 -41.00000 11834.74314
-28.90000 -40.00000 11553.32410
-5.90100 -38.07300 31306.25794
-6.11500 -37.84000 31410.29535
-6.42000 -37.50800 31862.06899
-6.42600 -37.50100 31876.15060
-6.63700 -37.27200 32226.37194
-6.84700 -37.04200 32278.12401
-6.87800 -37.00900 32270.36377
-7.09100 -36.77600 32151.06017
-7.12100 -36.74200 32129.44029
-7.36500 -36.47500 32090.78541
-7.60800 -36.20900 32396.44572
-7.63900 -36.17500 32458.12093
-7.94300 -35.84100 33074.47116
-8.15500 -35.60600 33205.79946
-8.38300 -35.35500 32557.63499
-8.61000 -35.10400 30441.10337
-3.35000 -40.82000 32238.07381
-3.66000 -40.49000 32793.51472
-3.96000 -40.16000 32620.27753
-4.27000 -39.82000 31289.42246
-4.57000 -39.49000 30654.98540
-4.88000 -39.15000 31142.90175
-5.34000 -38.65000 31746.68665
-5.80000 -38.15000 31312.61717
-5.64000 -36.83000 30272.97371
-6.36000 -37.09000 31665.07812
-6.79000 -37.23000 32438.72654
-7.52000 -37.49000 34380.51312
-8.24000 -37.74000 34329.48142
-8.93000 -37.98000 35305.83382
-9.36000 -38.12000 36120.39482
-10.38000 -38.48000 35226.10602
-11.24000 -38.78000 33796.58213
-12.10000 -39.07000 41304.93507
-25.70000 -45.40000 29328.44658
-6.15000 -69.90000 43776.10984
-6.50000 -69.90000 44723.23089
-5.55000 -37.75000 30646.94918
4.00000 -75.00000 57128.88899
2.01000 -80.12000 15795.99037
1.85000 -79.95000 18665.67272
1.65000 -79.72000 23684.61904
1.45000 -79.49000 27528.38902
-19.10000 -43.00000 37952.65883
-11.08000 -36.99000 23886.79024
-11.28000 -36.75000 20652.34990
-11.49000 -36.50000 17568.58888
-11.69000 -36.25000 15176.77681
5.84330 -61.46130 35100.12300
6.71260 -61.63920 36780.24764
6.58610 -66.84260 37314.51590
7.32620 -66.32160 42998.38772
7.34290 -61.82560 39080.97890
7.41690 -65.18810 41390.03182
7.65080 -64.07310 42029.38997
7.75980 -63.08540 40111.41456
7.86050 -62.06550 40530.86298
8.06900 -61.81450 39694.96972
5.42050 -67.65610 31718.25708
8.03440 -62.65500 41959.89439
9.35960 -63.05750 47416.27707
10.14490 -62.94260 34838.62731
8.98760 -62.74440 47797.26953
9.74380 -63.79720 40953.81735
8.50190 -63.62500 39736.56950
9.58250 -64.29420 41654.37530
8.96530 -64.79560 46043.98005
8.13650 -66.25440 44850.44089
8.32760 -65.94430 45692.99741
8.94850 -66.43610 41146.06093
9.26170 -66.29720 40168.51395
8.51270 -66.32190 43572.67145
8.85710 -67.38650 40330.14593
8.94330 -68.04150 39903.05496
7.00110 -69.48320 48603.82329
10.16330 -64.58970 32888.39091
10.06390 -65.80560 35977.94609
10.47570 -66.26920 30955.38473
10.63770 -62.20820 26771.47504
10.61650 -63.18420 26394.11826
10.47820 -63.65060 28021.14949
10.19410 -63.53010 33501.04241
10.65100 -63.82690 25933.78030
10.15760 -63.82640 34075.12655
9.90920 -66.38470 35624.22636
9.88720 -67.39680 33103.10769
10.44740 -67.83820 26832.07029
9.95860 -69.28650 34827.06052
11.08660 -68.83420 26655.72973
10.01280 -69.96110 36147.00319
10.64890 -69.80790 35472.27099
10.20610 -70.52340 38136.99871
10.92190 -70.63620 34408.51377
9.50100 -69.53650 36118.97788
8.88630 -70.62600 38516.16414
8.28420 -70.85660 40896.87265
8.84010 -71.36420 43854.74109
7.86490 -72.31430 45719.15904
10.50300 -72.40610 49634.62616
11.35520 -63.13200 22330.89945
10.78580 -63.99250 25030.81930
11.82160 -64.59770 22776.64370
11.95500 -69.97050 22513.56827
12.35850 -70.90230 16464.24778
11.84990 -65.41800 21968.75886
11.75150 -63.76990 21024.24890
13.94970 -66.49100 19260.90657
10.67960 -65.22000 28101.07568
11.24930 -66.50090 18961.91198
11.27070 -67.34960 18927.97294
12.72090 -64.93130 20570.81059
7.45000 -64.00000 41465.50876
7.45000 -64.60000 43609.43154
7.00000 -63.13000 38828.28060
7.20000 -63.27000 39089.16929
7.50000 -62.70000 39507.18767
9.55000 -67.34000 35619.01462
11.00000 -67.82000 23903.29963
11.00000 -67.62000 22501.75930
11.20000 -66.24000 20003.96710
11.60000 -66.24000 17255.85257
10.60000 -69.54000 35629.61107
11.48000 -69.64000 26865.81739
-17.83000 -68.43000 57808.42742
-17.36000 -68.11000 58885.67490
-16.62000 -68.17000 57402.60745
-16.30000 -67.82000 55688.57242
-15.93000 -67.54000 54786.06174
-16.41000 -68.51000 56184.93819
-17.28000 -68.74000 56796.41049
-17.53000 -68.17000 58751.92669
-17.89000 -67.83000 60399.77232
-18.10000 -68.23000 58822.64503
-18.56000 -67.60000 62266.33821
-19.99000 -70.00000 38057.10460
-19.89000 -69.31000 53326.58163
-19.34000 -68.86000 59564.37920
-19.74000 -68.86000 59688.66124
-19.56000 -68.29000 61038.21609
-19.18000 -67.83000 56253.46194
-19.38000 -67.83000 56951.88377
-19.58000 -67.83000 57373.67768
-18.83000 -67.31000 61305.31089
-19.23000 -67.31000 57559.01970
-19.03000 -66.80000 61512.12559
-19.43000 -66.80000 62467.61377
-19.29000 -66.34000 63013.26629
-19.69000 -66.34000 64889.11712
-19.11000 -65.31000 55789.74373
-19.51000 -65.31000 54719.54357
-19.24000 -64.74000 52030.46260
-19.64000 -64.74000 49806.05053
-19.59000 -64.29000 46589.93322
-19.85000 -63.89000 44336.78048
-20.05000 -63.54000 42695.02326
-19.23000 -62.51000 35269.10595
-18.52000 -60.74000 34358.56631
-30.90000 -65.20000 35472.86139
-32.40000 -65.70000 38450.86932
-30.50000 -66.90000 44395.93397
-30.50000 -68.00000 55467.39407
-34.91000 -57.93000 32440.88857
-0.20000 -78.50000 55089.51371
-31.00000 -71.20000 41240.16827
-30.30000 -69.80000 59646.35863
-30.20000 -68.70000 59465.17611
-30.30000 -67.75000 53512.24934
-30.40000 -66.50000 39496.35987
-30.90000 -65.20000 35472.86139
-35.50000 -72.30000 36879.53085
-35.80000 -70.50000 53463.66688
-35.80000 -69.60000 45555.91922
-36.00000 -69.00000 37880.07980
-36.20000 -68.40000 33026.08637
-29.15000 -64.07000 37061.58447
-29.46000 -64.05000 35184.51954
-29.75000 -64.02000 35678.58058
-30.78000 -64.41000 37302.60194
-31.02000 -64.64000 36527.40413
-31.14000 -64.96000 35741.62751
-31.27000 -65.22000 35719.11832
-31.59000 -64.55000 36982.14475
-31.91000 -64.66000 36953.07924
-32.15000 -65.00000 36995.52873
-32.41000 -65.71000 38418.65410
-32.83000 -66.08000 36571.22714
-30.90000 -65.20000 35472.86139
-28.80000 -66.25000 37065.41681
-29.93000 -67.12000 46044.32395
-30.20000 -67.30000 49070.30412
-30.38000 -66.54000 39880.40957
-30.80000 -66.64000 42975.77302
-31.19000 -66.77000 47858.09478
-31.51000 -66.24000 43502.42567
-32.28000 -67.19000 45210.57420
-30.16000 -67.84000 53712.18766
-30.28000 -67.74000 53357.76831
-30.68000 -67.52000 52865.50272
-31.06000 -67.30000 51445.61317
-31.57000 -67.88000 51901.42658
-32.21000 -69.38000 57745.78568
-33.59000 -69.51000 44524.01565
-33.32000 -70.29000 42804.97020
-33.14000 -70.66000 40238.20906
-31.03000 -71.24000 40395.59432
-30.00000 -71.00000 43145.25467
-30.00000 -70.50000 49999.58814
-30.00000 -70.00000 58400.02895
-30.00000 -69.50000 62998.03134
-30.00000 -69.00000 61329.81784
-30.00000 -68.50000 58309.62271
-30.00000 -68.00000 54448.65632
-30.50000 -70.50000 51690.00000
-30.50000 -70.00000 57183.60234
-30.50000 -69.50000 60370.00000
-30.50000 -69.00000 59802.16356
-30.50000 -68.50000 57660.00000
-31.00000 -69.50000 58625.58756
-31.00000 -69.00000 57810.81066
-31.00000 -68.50000 55342.78855
-31.00000 -68.00000 54099.39178
-31.50000 -70.50000 52850.00000
-31.50000 -70.00000 57221.16335
-31.50000 -69.50000 58020.00000
-31.50000 -69.00000 56176.34282
-31.50000 -68.50000 53570.00000
-32.00000 -70.50000 49912.46601
-32.00000 -70.00000 56268.63854
-32.00000 -69.50000 58050.72835
-32.00000 -69.00000 56557.74284
-32.00000 -68.50000 54066.88635
-32.60000 -69.50000 55619.56814
-27.42400 -68.14400 55490.07953
-27.11100 -68.09000 55012.09191
-27.48800 -69.25700 57633.09478
-26.54000 -69.02100 54491.33450
-27.11200 -66.94400 52336.46439
-27.50800 -67.14700 51763.65607
-27.64100 -66.59800 47718.45228
-27.34100 -66.37000 48248.96223
-26.15700 -69.23700 52560.91216
-25.36700 -69.42600 46458.78668
-27.83300 -68.09800 55267.08571
-26.85100 -68.27700 55036.70873
-26.90600 -68.55200 55280.18573
-26.88100 -68.66600 55353.72255
-26.91000 -68.76700 55572.48442
-27.05100 -67.68800 54298.64615
-27.33600 -67.77400 54362.21994
-27.44400 -67.69400 54066.17575
-27.48000 -67.60300 53678.42131
-27.56900 -67.61300 53610.76122
-27.70800 -67.62500 53604.60983
-27.90100 -67.62900 53911.66417
-51.57000 -72.62000 30287.78835
-52.06000 -70.00000 32388.78876
-52.55000 -72.03000 29944.60150
-53.61000 -70.93000 31249.82113
-54.14000 -68.71000 34611.95402
-15.42550 -70.14200 68170.89398
-15.37880 -70.16850 68588.90566
-15.32070 -70.19960 69076.69591
-15.29610 -70.24220 69441.83022
-15.26000 -70.28000 69816.13602
-15.22820 -70.32980 70203.97994
-15.16880 -70.35720 70566.18751
-15.04610 -70.41290 71128.77417
-14.99100 -70.40430 71129.20668
-14.97940 -70.45930 71392.51069
-14.94180 -70.52370 71663.47716
-14.92390 -70.56200 71842.14282
-14.88360 -70.60900 72070.66493
-14.83170 -70.65770 72287.48774
-14.79020 -70.72640 72516.47624
-14.72400 -70.74490 72143.19526
-14.64870 -70.75010 71535.76941
-14.61250 -70.78790 71308.97685
-14.59390 -70.85250 71276.41905
-14.53830 -70.88300 70811.62126
-14.49640 -70.94020 70485.96685
-14.48300 -70.98870 70399.79584
-14.47440 -71.04500 70332.35549
-14.45050 -71.07370 70090.84627
-14.40450 -71.13240 69584.65380
-14.36160 -71.15600 69098.74335
-14.33070 -71.19370 68716.07485
-14.27970 -71.22900 68083.76038
-14.24160 -71.26520 67587.16842
-14.20060 -71.31370 67039.07625
-14.18630 -71.37040 66791.52380
-14.14160 -71.40250 66232.03037
-14.09860 -71.43430 65697.67376
-14.04300 -71.44830 65031.94489
-13.98540 -71.48560 64330.92937
-13.87130 -71.51900 62925.67683
-13.82640 -71.50560 62306.33105
-13.78020 -71.57540 61809.97384
-13.73710 -71.59900 61272.83904
-13.68780 -71.62420 60670.90811
-13.65930 -71.68460 60587.90326
-13.61500 -71.72340 60521.19024
-13.60020 -71.77120 60873.68812
-13.57250 -71.82390 61167.89218
-13.55020 -71.88560 61585.93807
-13.52750 -71.94180 61927.81838
-15.36260 -75.16020 28920.45250
-15.14310 -74.97980 38220.44487
-14.97520 -74.99000 42178.16675
-14.82520 -74.94130 48077.53194
-14.82570 -74.87830 50151.70480
-14.83120 -74.70400 55550.12826
-14.82590 -74.64170 57454.76888
-14.66900 -74.40520 65378.20849
-14.60270 -74.27330 67316.47636
-14.65060 -74.19790 66675.22395
-14.69470 -74.12460 65824.62613
-14.60490 -73.99730 67270.74830
-14.62320 -73.96420 66842.50594
-14.64470 -73.75670 65504.33166
-14.60990 -73.64700 65518.53708
-14.60160 -73.57220 65364.91098
-14.55840 -73.46820 65278.68062
-14.55860 -73.46800 65276.26990
-14.54960 -73.36010 64609.34966
-14.52030 -73.27700 64211.36538
-14.42760 -73.20640 64445.64511
-14.17410 -73.32270 66997.46823
-14.03880 -73.29950 67468.13823
-14.03800 -73.22860 67033.39247
-13.96240 -73.18130 66965.58729
-13.94070 -73.10240 66531.30622
-13.88110 -73.05720 66431.88592
-13.84900 -72.97890 66543.32687
-13.77560 -72.94160 67088.51058
-13.66960 -72.92570 67491.12832
-13.62430 -72.87710 67527.08897
-13.55230 -72.79590 67280.62724
-13.55460 -72.73820 67298.22058
-13.55140 -72.60810 67124.24594
-13.50530 -72.50410 66427.28167
-13.48060 -72.44530 65889.89405
-13.44300 -72.34420 64756.17831
-13.48720 -72.24910 64523.10796
-13.49480 -72.16570 63841.87272
-13.47940 -72.08920 62873.29382
-16.99950 -72.09870 34354.42367
-17.01740 -72.03130 33538.33350
-17.16440 -71.78910 29583.10438
-17.11160 -71.78800 30370.97857
-17.07070 -71.72430 30256.57133
-17.03400 -71.70710 30469.83238
-16.71610 -71.94750 37281.78151
-16.68140 -71.88980 37077.40746
-16.62670 -71.87280 37794.86511
-16.58050 -71.83770 38310.42524
-16.49680 -71.84090 40075.05493
-16.42630 -71.82380 41677.79273
-16.46290 -71.70900 40153.49020
-16.41760 -71.65320 41297.91721
-16.40190 -71.61480 41795.95559
-16.46610 -71.49320 40686.33739
-16.32530 -71.55590 44259.33997
-16.40550 -71.41420 42980.99594
-16.23380 -71.48570 47385.98111
-16.21330 -71.41060 48474.71333
-16.24460 -71.34710 47971.85651
-16.05490 -71.41120 53260.60103
-16.06320 -71.36130 53295.26846
-16.02870 -71.28200 54761.44480
-15.98540 -71.26830 56123.28479
-15.95790 -71.20970 57212.93550
-15.91470 -71.19160 58557.53556
-15.87650 -71.12860 59906.96073
-15.83740 -71.09100 61140.72979
-15.80030 -71.06220 62254.66251
-15.77500 -71.02380 63036.85590
-15.76280 -70.97580 63461.28877
-15.75900 -70.89910 63731.45961
-15.72120 -70.82380 64793.67855
-15.68090 -70.78190 65738.21638
-15.66510 -70.75660 66100.17367
-15.71390 -70.61430 66151.04910
-15.67410 -70.57330 66887.32384
-15.68830 -70.49290 67234.52534
-15.67460 -70.42990 67473.25532
-15.67190 -70.37470 67521.28456
-15.62190 -70.34630 67747.21331
-15.60290 -70.29250 67743.51073
-15.57570 -70.25490 67779.30213
-15.54300 -70.18200 67675.56906
-15.51420 -70.18230 67841.92378
-15.46940 -70.10790 67713.63464
-15.42470 -70.07100 67714.69267
-15.35300 -70.05060 67902.06908
-15.31760 -70.03380 67909.71557
-30.10000 -72.00000 21439.63078
-30.15000 -71.75000 29978.38536
-30.20000 -71.20000 43178.61437
-30.25000 -70.75000 47910.15474
-30.30000 -70.50000 51163.72188
-30.35000 -70.20000 55218.79255
-30.40000 -69.20000 60807.49087
-30.45000 -68.00000 55445.14908
-30.55000 -67.00000 46071.78632
-30.60000 -66.50000 39907.52427
-30.65000 -66.00000 36902.46932
-30.68000 -65.50000 35680.01116
-30.70000 -64.50000 36866.63601
-30.50000 -71.50000 39420.00000
-30.50000 -69.50000 60370.00000
-30.50000 -68.70000 58557.05542
-30.50000 -68.30000 56815.31133
-30.50000 -67.80000 54379.20428
-30.50000 -66.70000 41667.90808
-30.50000 -66.20000 37599.78679
-30.50000 -65.60000 35844.51143
-30.50000 -65.10000 35517.92486
-30.50000 -64.50000 36620.00000
-36.00000 -71.00000 50345.24121
-36.00000 -70.50000 53656.42822
-36.00000 -70.00000 50496.93084
-36.00000 -69.40000 39964.57219
-36.00000 -68.80000 35749.18815
-36.00000 -67.80000 34494.29415
-13.61000 -72.03000 63548.28186
-14.21000 -72.61000 63676.36210
-15.01000 -72.67000 54739.95446
-15.10000 -71.65000 66855.68039
-15.59000 -71.13000 67208.94446
-15.85000 -71.35000 59618.87284
-16.53000 -71.71000 38560.95612
-17.85000 -69.92000 48356.28889
-18.48000 -68.97000 55061.08518
-18.04000 -68.58000 56757.20051
-18.66000 -68.74000 56648.05105
-18.98000 -67.88000 57190.25295
-18.61000 -67.39000 62814.71636
-19.11000 -66.50000 63010.26558
-19.62000 -66.70000 64108.78805
-19.40000 -66.21000 62985.95537
-20.06000 -66.33000 66885.54749
-20.72000 -66.71000 69388.23032
-20.79000 -66.01000 67576.16622
-21.26000 -66.62000 69486.42823
-21.85000 -66.89000 63026.19269
-21.90000 -66.39000 63510.21685
-22.75000 -66.52000 56725.05686
-23.36000 -66.91000 55074.21831
-24.08000 -67.93000 53425.69339
-22.75000 -68.14000 64265.47685
-22.09000 -67.83000 63601.02806
-20.97000 -67.62000 64650.39170
-20.20000 -67.85000 60735.63999
-20.15000 -68.20000 59176.88951
-20.64000 -69.13000 56506.39005
-20.95000 -68.88000 59864.93268
-21.18000 -68.57000 62055.53946
-21.47000 -68.93000 59319.20132
-21.70000 -69.20000 52962.79353
-22.53000 -67.16000 59521.07578
-22.61000 -67.35000 60343.41506
-22.42000 -67.45000 61569.89318
-22.30000 -67.39000 61536.33982
-22.37000 -67.31000 60902.68262
-27.80000 -68.84000 56435.09631
-29.84000 -67.58000 47084.24733
-30.93000 -68.47000 55540.76086
-31.58000 -68.40000 53162.71325
-30.79000 -69.76000 58353.60267
-30.98000 -69.58000 58568.98618
-31.68000 -69.57000 58083.28301
-31.79000 -69.38000 57967.15156
-31.93000 -69.90000 57177.14023
-32.01000 -69.57000 57951.29312
-32.72000 -69.51000 54487.61981
-33.78000 -70.40000 40135.16664
-33.60000 -67.44000 43579.41299
-33.62000 -69.51000 44229.20490
-33.48000 -70.14000 42707.84426
-33.84000 -70.21000 41225.50635
-33.58000 -70.41000 40354.63124
-33.39000 -71.19000 34538.66131
-32.86000 -67.42000 44780.54693
-32.87000 -68.17000 50895.99737
-33.09000 -68.83000 51151.17604
-32.79000 -69.65000 53194.40748
-32.83000 -70.27000 46701.98854
-32.85000 -70.71000 41285.99359
-32.83000 -71.10000 36769.94188
-32.27000 -67.19000 45283.03934
-32.39000 -68.05000 50792.74511
-32.10000 -68.77000 55619.23128
-32.22000 -69.34000 57674.04412
-32.50000 -70.58000 44974.10856
-32.03000 -70.58000 48418.50727
-31.46000 -67.33000 50590.05794
-31.58000 -67.87000 51865.65124
-31.55000 -68.68000 54353.74148
-31.71000 -70.75000 47674.32249
-31.75000 -71.17000 38179.37211
-21.70000 -68.00000 62676.54302
-22.70000 -68.00000 64047.36710
-21.00000 -69.00000 58613.04657
-21.70000 -69.00000 55345.46965
-22.90000 -69.00000 47727.27854
-23.50000 -69.00000 49640.89586
-21.00000 -68.45000 61998.97615
-21.00000 -68.00000 62267.00087
-21.00000 -67.50000 65161.80842
-21.00000 -67.00000 67286.88856
-21.00000 -66.00000 66489.39231
-21.00000 -65.00000 50622.27163
-21.00000 -64.35000 39770.07480
-25.50000 -68.40000 61440.72381
-25.50000 -68.00000 62704.32255
-25.50000 -67.60000 61210.38842
-25.50000 -67.10000 57162.87555
-25.50000 -66.78000 53098.95915
-25.50000 -66.20000 45414.79537
-22.50000 -70.00000 30480.57427
-22.50000 -69.50000 33340.00000
-22.50000 -69.00000 47789.37471
-22.50000 -68.00000 64484.45491
-22.50000 -67.00000 58925.83764
-22.50000 -66.50000 57680.00000
-22.50000 -66.00000 57471.56515
-22.50000 -65.00000 46588.77247
-23.50000 -69.00000 49640.89586
-23.50000 -68.60000 59195.89957
-23.50000 -68.00000 58935.16049
-23.50000 -67.50000 52970.00000
-23.50000 -67.00000 53472.58228
-23.50000 -66.00000 53409.75847
-23.50000 -65.00000 42840.22988
-24.50000 -70.00000 37242.22033
-24.50000 -69.50000 35960.00000
-24.50000 -69.00000 45919.41606
-24.50000 -68.50000 54330.00000
-24.50000 -68.00000 52216.37064
-24.50000 -67.50000 47890.00000
-24.50000 -66.60000 54006.40581
-24.50000 -66.00000 48913.05138
-24.50000 -65.50000 42680.00000
-17.50000 -67.50000 58700.00000
-18.70000 -66.50000 62818.02667
-19.50000 -68.50000 61500.00000
-19.50000 -67.50000 56400.00000
-19.50000 -65.50000 56370.00000
-19.50000 -64.50000 48050.00000
-20.00000 -63.50000 42750.24794
-19.50000 -62.50000 34570.00000
-20.50000 -68.50000 60130.00000
-20.50000 -66.50000 69510.00000
-21.50000 -68.50000 62150.00000
-22.50000 -69.50000 33340.00000
-22.50000 -66.50000 57680.00000
-22.50000 -65.50000 54290.00000
-23.50000 -68.50000 60580.00000
-23.50000 -67.50000 52970.00000
-23.50000 -66.50000 56020.00000
-23.50000 -65.50000 47620.00000
-24.50000 -69.50000 35960.00000
-24.50000 -68.50000 54330.00000
-24.50000 -67.50000 47890.00000
-24.50000 -66.50000 53820.00000
-24.50000 -65.50000 42680.00000
-21.00000 -68.40000 62091.57144
-21.00000 -64.50000 40717.27836
-21.00000 -63.50000 38368.90298
-23.00000 -68.40000 63309.87265
-24.00000 -67.50000 49059.46267
-39.00000 -72.40000 37175.91186
-39.00000 -71.80000 39064.57799
-39.00000 -70.80000 38331.82280
-39.00000 -70.50000 37048.62611
-39.00000 -70.00000 35675.84394
-39.00000 -69.60000 35081.28283
-39.00000 -68.70000 34908.76233
