# Generated by process-sam-gravity-data.ipynb on 17 January 2016 19:29:28 UTC
# shape (nlat, nlon):
# 41 31
# lat lon height sediment_free_bouguer
-60.00000 270.00000 50000.00000 202.39878
-60.00000 272.00000 50000.00000 266.31097
-60.00000 274.00000 50000.00000 274.45941
-60.00000 276.00000 50000.00000 282.33581
-60.00000 278.00000 50000.00000 277.04146
-60.00000 280.00000 50000.00000 278.71276
-60.00000 282.00000 50000.00000 278.57843
-60.00000 284.00000 50000.00000 276.55847
-60.00000 286.00000 50000.00000 265.81371
-60.00000 288.00000 50000.00000 264.90868
-60.00000 290.00000 50000.00000 253.41460
-60.00000 292.00000 50000.00000 242.28298
-60.00000 294.00000 50000.00000 236.02427
-60.00000 296.00000 50000.00000 248.34394
-60.00000 298.00000 50000.00000 264.72065
-60.00000 300.00000 50000.00000 274.52981
-60.00000 302.00000 50000.00000 264.95999
-60.00000 304.00000 50000.00000 255.08462
-60.00000 306.00000 50000.00000 252.27957
-60.00000 308.00000 50000.00000 255.53319
-60.00000 310.00000 50000.00000 249.35332
-60.00000 312.00000 50000.00000 247.10092
-60.00000 314.00000 50000.00000 255.64778
-60.00000 316.00000 50000.00000 245.25286
-60.00000 318.00000 50000.00000 226.89032
-60.00000 320.00000 50000.00000 193.49999
-60.00000 322.00000 50000.00000 201.15993
-60.00000 324.00000 50000.00000 186.79888
-60.00000 326.00000 50000.00000 162.01947
-60.00000 328.00000 50000.00000 163.97542
-60.00000 330.00000 50000.00000 161.98874
-58.00000 270.00000 50000.00000 232.08554
-58.00000 272.00000 50000.00000 321.25990
-58.00000 274.00000 50000.00000 340.28674
-58.00000 276.00000 50000.00000 343.85602
-58.00000 278.00000 50000.00000 344.99225
-58.00000 280.00000 50000.00000 334.86851
-58.00000 282.00000 50000.00000 332.51337
-58.00000 284.00000 50000.00000 329.22580
-58.00000 286.00000 50000.00000 317.63166
-58.00000 288.00000 50000.00000 304.94666
-58.00000 290.00000 50000.00000 286.70039
-58.00000 292.00000 50000.00000 281.20665
-58.00000 294.00000 50000.00000 275.58029
-58.00000 296.00000 50000.00000 298.54794
-58.00000 298.00000 50000.00000 306.14405
-58.00000 300.00000 50000.00000 315.02786
-58.00000 302.00000 50000.00000 327.41933
-58.00000 304.00000 50000.00000 333.40123
-58.00000 306.00000 50000.00000 334.85865
-58.00000 308.00000 50000.00000 333.98768
-58.00000 310.00000 50000.00000 320.49356
-58.00000 312.00000 50000.00000 303.65918
-58.00000 314.00000 50000.00000 291.61852
-58.00000 316.00000 50000.00000 281.58231
-58.00000 318.00000 50000.00000 284.37875
-58.00000 320.00000 50000.00000 271.86520
-58.00000 322.00000 50000.00000 269.80251
-58.00000 324.00000 50000.00000 265.32275
-58.00000 326.00000 50000.00000 255.84453
-58.00000 328.00000 50000.00000 267.41432
-58.00000 330.00000 50000.00000 217.19213
-56.00000 270.00000 50000.00000 246.05611
-56.00000 272.00000 50000.00000 320.33654
-56.00000 274.00000 50000.00000 340.57472
-56.00000 276.00000 50000.00000 353.23309
-56.00000 278.00000 50000.00000 345.04205
-56.00000 280.00000 50000.00000 336.68008
-56.00000 282.00000 50000.00000 331.38798
-56.00000 284.00000 50000.00000 317.77501
-56.00000 286.00000 50000.00000 293.86976
-56.00000 288.00000 50000.00000 239.52029
-56.00000 290.00000 50000.00000 160.34329
-56.00000 292.00000 50000.00000 153.83043
-56.00000 294.00000 50000.00000 211.35972
-56.00000 296.00000 50000.00000 278.33784
-56.00000 298.00000 50000.00000 314.42586
-56.00000 300.00000 50000.00000 329.61259
-56.00000 302.00000 50000.00000 333.84211
-56.00000 304.00000 50000.00000 329.59916
-56.00000 306.00000 50000.00000 341.86717
-56.00000 308.00000 50000.00000 336.69185
-56.00000 310.00000 50000.00000 330.06711
-56.00000 312.00000 50000.00000 317.88543
-56.00000 314.00000 50000.00000 323.55299
-56.00000 316.00000 50000.00000 307.19028
-56.00000 318.00000 50000.00000 292.98289
-56.00000 320.00000 50000.00000 272.60790
-56.00000 322.00000 50000.00000 269.55811
-56.00000 324.00000 50000.00000 267.88121
-56.00000 326.00000 50000.00000 273.62852
-56.00000 328.00000 50000.00000 290.52722
-56.00000 330.00000 50000.00000 227.14737
-54.00000 270.00000 50000.00000 253.39075
-54.00000 272.00000 50000.00000 333.82289
-54.00000 274.00000 50000.00000 343.85512
-54.00000 276.00000 50000.00000 344.73965
-54.00000 278.00000 50000.00000 342.80589
-54.00000 280.00000 50000.00000 327.71956
-54.00000 282.00000 50000.00000 319.33962
-54.00000 284.00000 50000.00000 269.58170
-54.00000 286.00000 50000.00000 170.70807
-54.00000 288.00000 50000.00000 112.56393
-54.00000 290.00000 50000.00000 93.04791
-54.00000 292.00000 50000.00000 108.25152
-54.00000 294.00000 50000.00000 123.95552
-54.00000 296.00000 50000.00000 146.98761
-54.00000 298.00000 50000.00000 179.84349
-54.00000 300.00000 50000.00000 171.42175
-54.00000 302.00000 50000.00000 190.69128
-54.00000 304.00000 50000.00000 215.39193
-54.00000 306.00000 50000.00000 233.33705
-54.00000 308.00000 50000.00000 256.03810
-54.00000 310.00000 50000.00000 326.78860
-54.00000 312.00000 50000.00000 333.92248
-54.00000 314.00000 50000.00000 336.63734
-54.00000 316.00000 50000.00000 306.92706
-54.00000 318.00000 50000.00000 309.56306
-54.00000 320.00000 50000.00000 265.96333
-54.00000 322.00000 50000.00000 202.56927
-54.00000 324.00000 50000.00000 191.50287
-54.00000 326.00000 50000.00000 229.23463
-54.00000 328.00000 50000.00000 279.78634
-54.00000 330.00000 50000.00000 245.28092
-52.00000 270.00000 50000.00000 249.96846
-52.00000 272.00000 50000.00000 328.77647
-52.00000 274.00000 50000.00000 340.86753
-52.00000 276.00000 50000.00000 337.58039
-52.00000 278.00000 50000.00000 328.77391
-52.00000 280.00000 50000.00000 318.61247
-52.00000 282.00000 50000.00000 297.20671
-52.00000 284.00000 50000.00000 191.76101
-52.00000 286.00000 50000.00000 90.77630
-52.00000 288.00000 50000.00000 89.18730
-52.00000 290.00000 50000.00000 76.13978
-52.00000 292.00000 50000.00000 86.18957
-52.00000 294.00000 50000.00000 104.12399
-52.00000 296.00000 50000.00000 122.02469
-52.00000 298.00000 50000.00000 119.90330
-52.00000 300.00000 50000.00000 99.31078
-52.00000 302.00000 50000.00000 131.87793
-52.00000 304.00000 50000.00000 224.94169
-52.00000 306.00000 50000.00000 274.15768
-52.00000 308.00000 50000.00000 288.55526
-52.00000 310.00000 50000.00000 287.15208
-52.00000 312.00000 50000.00000 279.57829
-52.00000 314.00000 50000.00000 274.16747
-52.00000 316.00000 50000.00000 275.99983
-52.00000 318.00000 50000.00000 296.75823
-52.00000 320.00000 50000.00000 325.93933
-52.00000 322.00000 50000.00000 319.29970
-52.00000 324.00000 50000.00000 325.32171
-52.00000 326.00000 50000.00000 283.09997
-52.00000 328.00000 50000.00000 272.10502
-52.00000 330.00000 50000.00000 221.01995
-50.00000 270.00000 50000.00000 242.51564
-50.00000 272.00000 50000.00000 317.96650
-50.00000 274.00000 50000.00000 329.30691
-50.00000 276.00000 50000.00000 327.77776
-50.00000 278.00000 50000.00000 320.06694
-50.00000 280.00000 50000.00000 313.08348
-50.00000 282.00000 50000.00000 287.21387
-50.00000 284.00000 50000.00000 185.72438
-50.00000 286.00000 50000.00000 69.05086
-50.00000 288.00000 50000.00000 28.94381
-50.00000 290.00000 50000.00000 39.08212
-50.00000 292.00000 50000.00000 58.80201
-50.00000 294.00000 50000.00000 74.17726
-50.00000 296.00000 50000.00000 92.32718
-50.00000 298.00000 50000.00000 107.42161
-50.00000 300.00000 50000.00000 124.99944
-50.00000 302.00000 50000.00000 140.09592
-50.00000 304.00000 50000.00000 174.56367
-50.00000 306.00000 50000.00000 231.23298
-50.00000 308.00000 50000.00000 282.92201
-50.00000 310.00000 50000.00000 307.73925
-50.00000 312.00000 50000.00000 310.02999
-50.00000 314.00000 50000.00000 307.80876
-50.00000 316.00000 50000.00000 310.79528
-50.00000 318.00000 50000.00000 293.84426
-50.00000 320.00000 50000.00000 315.79269
-50.00000 322.00000 50000.00000 364.56194
-50.00000 324.00000 50000.00000 368.80282
-50.00000 326.00000 50000.00000 360.07142
-50.00000 328.00000 50000.00000 353.39907
-50.00000 330.00000 50000.00000 274.26824
-48.00000 270.00000 50000.00000 201.65327
-48.00000 272.00000 50000.00000 297.38130
-48.00000 274.00000 50000.00000 303.55045
-48.00000 276.00000 50000.00000 303.18968
-48.00000 278.00000 50000.00000 304.81424
-48.00000 280.00000 50000.00000 303.39634
-48.00000 282.00000 50000.00000 283.82237
-48.00000 284.00000 50000.00000 177.00392
-48.00000 286.00000 50000.00000 70.17252
-48.00000 288.00000 50000.00000 9.79082
-48.00000 290.00000 50000.00000 22.63969
-48.00000 292.00000 50000.00000 51.16617
-48.00000 294.00000 50000.00000 72.56117
-48.00000 296.00000 50000.00000 95.83793
-48.00000 298.00000 50000.00000 110.37584
-48.00000 300.00000 50000.00000 164.55893
-48.00000 302.00000 50000.00000 245.59383
-48.00000 304.00000 50000.00000 327.77175
-48.00000 306.00000 50000.00000 388.84687
-48.00000 308.00000 50000.00000 437.05401
-48.00000 310.00000 50000.00000 444.40019
-48.00000 312.00000 50000.00000 447.20433
-48.00000 314.00000 50000.00000 441.72948
-48.00000 316.00000 50000.00000 438.18372
-48.00000 318.00000 50000.00000 425.95077
-48.00000 320.00000 50000.00000 420.70335
-48.00000 322.00000 50000.00000 413.63955
-48.00000 324.00000 50000.00000 406.27475
-48.00000 326.00000 50000.00000 393.31511
-48.00000 328.00000 50000.00000 365.95321
-48.00000 330.00000 50000.00000 272.06193
-46.00000 270.00000 50000.00000 225.66111
-46.00000 272.00000 50000.00000 286.99339
-46.00000 274.00000 50000.00000 291.70778
-46.00000 276.00000 50000.00000 245.16233
-46.00000 278.00000 50000.00000 282.94525
-46.00000 280.00000 50000.00000 281.56793
-46.00000 282.00000 50000.00000 252.89809
-46.00000 284.00000 50000.00000 197.55954
-46.00000 286.00000 50000.00000 89.25530
-46.00000 288.00000 50000.00000 17.63133
-46.00000 290.00000 50000.00000 36.82384
-46.00000 292.00000 50000.00000 64.28118
-46.00000 294.00000 50000.00000 78.27376
-46.00000 296.00000 50000.00000 91.51815
-46.00000 298.00000 50000.00000 107.25169
-46.00000 300.00000 50000.00000 159.34471
-46.00000 302.00000 50000.00000 304.84651
-46.00000 304.00000 50000.00000 392.90134
-46.00000 306.00000 50000.00000 433.97280
-46.00000 308.00000 50000.00000 448.95628
-46.00000 310.00000 50000.00000 449.46667
-46.00000 312.00000 50000.00000 441.43126
-46.00000 314.00000 50000.00000 439.98677
-46.00000 316.00000 50000.00000 441.26446
-46.00000 318.00000 50000.00000 440.82424
-46.00000 320.00000 50000.00000 432.22517
-46.00000 322.00000 50000.00000 424.80972
-46.00000 324.00000 50000.00000 413.80845
-46.00000 326.00000 50000.00000 391.44290
-46.00000 328.00000 50000.00000 367.91067
-46.00000 330.00000 50000.00000 286.86552
-44.00000 270.00000 50000.00000 231.62328
-44.00000 272.00000 50000.00000 273.50771
-44.00000 274.00000 50000.00000 273.80002
-44.00000 276.00000 50000.00000 268.62813
-44.00000 278.00000 50000.00000 256.16338
-44.00000 280.00000 50000.00000 276.68416
-44.00000 282.00000 50000.00000 267.96046
-44.00000 284.00000 50000.00000 222.88326
-44.00000 286.00000 50000.00000 91.38284
-44.00000 288.00000 50000.00000 31.49658
-44.00000 290.00000 50000.00000 8.77078
-44.00000 292.00000 50000.00000 31.76903
-44.00000 294.00000 50000.00000 47.99731
-44.00000 296.00000 50000.00000 79.25152
-44.00000 298.00000 50000.00000 97.56294
-44.00000 300.00000 50000.00000 139.22272
-44.00000 302.00000 50000.00000 277.66101
-44.00000 304.00000 50000.00000 391.75281
-44.00000 306.00000 50000.00000 434.17806
-44.00000 308.00000 50000.00000 444.90087
-44.00000 310.00000 50000.00000 440.12695
-44.00000 312.00000 50000.00000 432.77087
-44.00000 314.00000 50000.00000 430.59359
-44.00000 316.00000 50000.00000 436.77397
-44.00000 318.00000 50000.00000 440.55071
-44.00000 320.00000 50000.00000 432.09421
-44.00000 322.00000 50000.00000 424.35334
-44.00000 324.00000 50000.00000 408.90713
-44.00000 326.00000 50000.00000 387.51791
-44.00000 328.00000 50000.00000 365.56919
-44.00000 330.00000 50000.00000 275.17009
-42.00000 270.00000 50000.00000 206.95935
-42.00000 272.00000 50000.00000 257.18973
-42.00000 274.00000 50000.00000 261.35157
-42.00000 276.00000 50000.00000 272.73664
-42.00000 278.00000 50000.00000 272.58686
-42.00000 280.00000 50000.00000 280.12899
-42.00000 282.00000 50000.00000 277.62031
-42.00000 284.00000 50000.00000 248.21290
-42.00000 286.00000 50000.00000 114.21947
-42.00000 288.00000 50000.00000 50.92709
-42.00000 290.00000 50000.00000 -3.49622
-42.00000 292.00000 50000.00000 -6.39123
-42.00000 294.00000 50000.00000 27.79739
-42.00000 296.00000 50000.00000 71.81966
-42.00000 298.00000 50000.00000 96.75809
-42.00000 300.00000 50000.00000 128.17167
-42.00000 302.00000 50000.00000 193.12388
-42.00000 304.00000 50000.00000 325.48124
-42.00000 306.00000 50000.00000 410.86674
-42.00000 308.00000 50000.00000 430.27536
-42.00000 310.00000 50000.00000 440.18251
-42.00000 312.00000 50000.00000 436.86236
-42.00000 314.00000 50000.00000 432.53357
-42.00000 316.00000 50000.00000 440.10286
-42.00000 318.00000 50000.00000 437.26240
-42.00000 320.00000 50000.00000 427.32379
-42.00000 322.00000 50000.00000 414.93526
-42.00000 324.00000 50000.00000 401.12433
-42.00000 326.00000 50000.00000 393.59063
-42.00000 328.00000 50000.00000 383.10054
-42.00000 330.00000 50000.00000 282.22715
-40.00000 270.00000 50000.00000 203.50481
-40.00000 272.00000 50000.00000 264.77786
-40.00000 274.00000 50000.00000 277.93460
-40.00000 276.00000 50000.00000 303.33591
-40.00000 278.00000 50000.00000 287.97920
-40.00000 280.00000 50000.00000 291.21321
-40.00000 282.00000 50000.00000 309.74786
-40.00000 284.00000 50000.00000 287.27897
-40.00000 286.00000 50000.00000 134.38178
-40.00000 288.00000 50000.00000 20.94719
-40.00000 290.00000 50000.00000 11.36637
-40.00000 292.00000 50000.00000 12.64731
-40.00000 294.00000 50000.00000 39.66291
-40.00000 296.00000 50000.00000 62.71395
-40.00000 298.00000 50000.00000 100.13266
-40.00000 300.00000 50000.00000 122.27933
-40.00000 302.00000 50000.00000 155.54773
-40.00000 304.00000 50000.00000 213.72985
-40.00000 306.00000 50000.00000 346.38532
-40.00000 308.00000 50000.00000 417.52278
-40.00000 310.00000 50000.00000 430.80198
-40.00000 312.00000 50000.00000 429.80225
-40.00000 314.00000 50000.00000 429.82234
-40.00000 316.00000 50000.00000 435.63113
-40.00000 318.00000 50000.00000 430.95645
-40.00000 320.00000 50000.00000 420.70226
-40.00000 322.00000 50000.00000 410.83573
-40.00000 324.00000 50000.00000 393.34292
-40.00000 326.00000 50000.00000 383.88400
-40.00000 328.00000 50000.00000 363.45266
-40.00000 330.00000 50000.00000 270.23278
-38.00000 270.00000 50000.00000 202.43380
-38.00000 272.00000 50000.00000 262.64617
-38.00000 274.00000 50000.00000 281.71951
-38.00000 276.00000 50000.00000 288.95536
-38.00000 278.00000 50000.00000 299.25052
-38.00000 280.00000 50000.00000 306.00956
-38.00000 282.00000 50000.00000 312.33932
-38.00000 284.00000 50000.00000 298.78346
-38.00000 286.00000 50000.00000 157.37711
-38.00000 288.00000 50000.00000 38.07539
-38.00000 290.00000 50000.00000 -7.86643
-38.00000 292.00000 50000.00000 35.41916
-38.00000 294.00000 50000.00000 31.40077
-38.00000 296.00000 50000.00000 48.04055
-38.00000 298.00000 50000.00000 47.62064
-38.00000 300.00000 50000.00000 67.18224
-38.00000 302.00000 50000.00000 107.57169
-38.00000 304.00000 50000.00000 161.63385
-38.00000 306.00000 50000.00000 250.74998
-38.00000 308.00000 50000.00000 371.61057
-38.00000 310.00000 50000.00000 408.99067
-38.00000 312.00000 50000.00000 421.90977
-38.00000 314.00000 50000.00000 429.00310
-38.00000 316.00000 50000.00000 428.50764
-38.00000 318.00000 50000.00000 422.74686
-38.00000 320.00000 50000.00000 414.20839
-38.00000 322.00000 50000.00000 398.35811
-38.00000 324.00000 50000.00000 385.78686
-38.00000 326.00000 50000.00000 369.24548
-38.00000 328.00000 50000.00000 339.73069
-38.00000 330.00000 50000.00000 255.16466
-36.00000 270.00000 50000.00000 216.06114
-36.00000 272.00000 50000.00000 264.72904
-36.00000 274.00000 50000.00000 289.53605
-36.00000 276.00000 50000.00000 300.55928
-36.00000 278.00000 50000.00000 299.57430
-36.00000 280.00000 50000.00000 309.46158
-36.00000 282.00000 50000.00000 310.33563
-36.00000 284.00000 50000.00000 308.26938
-36.00000 286.00000 50000.00000 234.54196
-36.00000 288.00000 50000.00000 65.96470
-36.00000 290.00000 50000.00000 -47.69364
-36.00000 292.00000 50000.00000 0.69019
-36.00000 294.00000 50000.00000 31.13232
-36.00000 296.00000 50000.00000 47.73756
-36.00000 298.00000 50000.00000 62.40661
-36.00000 300.00000 50000.00000 81.45314
-36.00000 302.00000 50000.00000 115.06632
-36.00000 304.00000 50000.00000 118.87819
-36.00000 306.00000 50000.00000 154.54977
-36.00000 308.00000 50000.00000 299.15386
-36.00000 310.00000 50000.00000 374.17715
-36.00000 312.00000 50000.00000 399.86082
-36.00000 314.00000 50000.00000 415.11457
-36.00000 316.00000 50000.00000 416.66672
-36.00000 318.00000 50000.00000 407.78162
-36.00000 320.00000 50000.00000 397.61444
-36.00000 322.00000 50000.00000 382.49231
-36.00000 324.00000 50000.00000 368.22896
-36.00000 326.00000 50000.00000 351.00116
-36.00000 328.00000 50000.00000 324.70123
-36.00000 330.00000 50000.00000 259.24810
-34.00000 270.00000 50000.00000 219.10743
-34.00000 272.00000 50000.00000 273.48377
-34.00000 274.00000 50000.00000 281.43695
-34.00000 276.00000 50000.00000 292.51260
-34.00000 278.00000 50000.00000 284.48372
-34.00000 280.00000 50000.00000 299.86163
-34.00000 282.00000 50000.00000 308.88211
-34.00000 284.00000 50000.00000 313.76306
-34.00000 286.00000 50000.00000 280.10969
-34.00000 288.00000 50000.00000 105.12925
-34.00000 290.00000 50000.00000 -66.03408
-34.00000 292.00000 50000.00000 -5.46568
-34.00000 294.00000 50000.00000 16.62567
-34.00000 296.00000 50000.00000 49.30641
-34.00000 298.00000 50000.00000 60.54101
-34.00000 300.00000 50000.00000 68.12025
-34.00000 302.00000 50000.00000 67.94180
-34.00000 304.00000 50000.00000 77.59141
-34.00000 306.00000 50000.00000 95.64926
-34.00000 308.00000 50000.00000 188.72997
-34.00000 310.00000 50000.00000 314.66225
-34.00000 312.00000 50000.00000 367.47797
-34.00000 314.00000 50000.00000 397.92635
-34.00000 316.00000 50000.00000 393.90234
-34.00000 318.00000 50000.00000 381.80107
-34.00000 320.00000 50000.00000 370.63151
-34.00000 322.00000 50000.00000 363.25642
-34.00000 324.00000 50000.00000 348.77833
-34.00000 326.00000 50000.00000 331.31726
-34.00000 328.00000 50000.00000 297.57710
-34.00000 330.00000 50000.00000 208.37490
-32.00000 270.00000 50000.00000 207.07381
-32.00000 272.00000 50000.00000 270.37127
-32.00000 274.00000 50000.00000 284.73669
-32.00000 276.00000 50000.00000 291.95776
-32.00000 278.00000 50000.00000 295.27354
-32.00000 280.00000 50000.00000 300.17586
-32.00000 282.00000 50000.00000 310.29019
-32.00000 284.00000 50000.00000 317.19778
-32.00000 286.00000 50000.00000 299.25764
-32.00000 288.00000 50000.00000 132.37721
-32.00000 290.00000 50000.00000 -144.92570
-32.00000 292.00000 50000.00000 -33.08310
-32.00000 294.00000 50000.00000 11.73101
-32.00000 296.00000 50000.00000 47.32664
-32.00000 298.00000 50000.00000 72.80361
-32.00000 300.00000 50000.00000 69.03652
-32.00000 302.00000 50000.00000 70.78405
-32.00000 304.00000 50000.00000 64.85110
-32.00000 306.00000 50000.00000 71.22000
-32.00000 308.00000 50000.00000 102.68123
-32.00000 310.00000 50000.00000 226.18361
-32.00000 312.00000 50000.00000 324.49334
-32.00000 314.00000 50000.00000 358.01243
-32.00000 316.00000 50000.00000 347.29935
-32.00000 318.00000 50000.00000 347.15811
-32.00000 320.00000 50000.00000 336.68092
-32.00000 322.00000 50000.00000 320.66149
-32.00000 324.00000 50000.00000 272.89648
-32.00000 326.00000 50000.00000 271.01447
-32.00000 328.00000 50000.00000 299.69262
-32.00000 330.00000 50000.00000 238.67105
-30.00000 270.00000 50000.00000 203.86883
-30.00000 272.00000 50000.00000 247.86253
-30.00000 274.00000 50000.00000 274.87363
-30.00000 276.00000 50000.00000 296.49291
-30.00000 278.00000 50000.00000 301.96881
-30.00000 280.00000 50000.00000 304.38829
-30.00000 282.00000 50000.00000 307.47978
-30.00000 284.00000 50000.00000 312.52642
-30.00000 286.00000 50000.00000 304.57722
-30.00000 288.00000 50000.00000 162.53075
-30.00000 290.00000 50000.00000 -106.50477
-30.00000 292.00000 50000.00000 -75.37389
-30.00000 294.00000 50000.00000 -2.00255
-30.00000 296.00000 50000.00000 32.90648
-30.00000 298.00000 50000.00000 76.38370
-30.00000 300.00000 50000.00000 72.15878
-30.00000 302.00000 50000.00000 61.29175
-30.00000 304.00000 50000.00000 56.63012
-30.00000 306.00000 50000.00000 53.90272
-30.00000 308.00000 50000.00000 54.70327
-30.00000 310.00000 50000.00000 95.31370
-30.00000 312.00000 50000.00000 205.99316
-30.00000 314.00000 50000.00000 288.43738
-30.00000 316.00000 50000.00000 337.65285
-30.00000 318.00000 50000.00000 331.72877
-30.00000 320.00000 50000.00000 302.19018
-30.00000 322.00000 50000.00000 306.41140
-30.00000 324.00000 50000.00000 255.27711
-30.00000 326.00000 50000.00000 240.49157
-30.00000 328.00000 50000.00000 284.35165
-30.00000 330.00000 50000.00000 226.40757
-28.00000 270.00000 50000.00000 213.52807
-28.00000 272.00000 50000.00000 268.98351
-28.00000 274.00000 50000.00000 289.95508
-28.00000 276.00000 50000.00000 295.54168
-28.00000 278.00000 50000.00000 290.80019
-28.00000 280.00000 50000.00000 259.06281
-28.00000 282.00000 50000.00000 301.29695
-28.00000 284.00000 50000.00000 299.78091
-28.00000 286.00000 50000.00000 306.99798
-28.00000 288.00000 50000.00000 224.96636
-28.00000 290.00000 50000.00000 -53.58117
-28.00000 292.00000 50000.00000 -186.36428
-28.00000 294.00000 50000.00000 -105.65385
-28.00000 296.00000 50000.00000 28.80200
-28.00000 298.00000 50000.00000 70.82755
-28.00000 300.00000 50000.00000 72.01657
-28.00000 302.00000 50000.00000 64.43118
-28.00000 304.00000 50000.00000 47.96899
-28.00000 306.00000 50000.00000 38.60604
-28.00000 308.00000 50000.00000 26.77035
-28.00000 310.00000 50000.00000 17.48523
-28.00000 312.00000 50000.00000 124.42490
-28.00000 314.00000 50000.00000 242.88928
-28.00000 316.00000 50000.00000 283.50579
-28.00000 318.00000 50000.00000 278.20025
-28.00000 320.00000 50000.00000 297.05580
-28.00000 322.00000 50000.00000 325.45142
-28.00000 324.00000 50000.00000 343.11818
-28.00000 326.00000 50000.00000 330.93716
-28.00000 328.00000 50000.00000 323.02256
-28.00000 330.00000 50000.00000 256.49944
-26.00000 270.00000 50000.00000 227.89937
-26.00000 272.00000 50000.00000 264.51465
-26.00000 274.00000 50000.00000 212.11400
-26.00000 276.00000 50000.00000 292.86115
-26.00000 278.00000 50000.00000 293.59022
-26.00000 280.00000 50000.00000 309.58320
-26.00000 282.00000 50000.00000 304.96726
-26.00000 284.00000 50000.00000 301.68164
-26.00000 286.00000 50000.00000 298.27405
-26.00000 288.00000 50000.00000 216.55078
-26.00000 290.00000 50000.00000 -12.08434
-26.00000 292.00000 50000.00000 -232.48530
-26.00000 294.00000 50000.00000 -114.24140
-26.00000 296.00000 50000.00000 22.13756
-26.00000 298.00000 50000.00000 59.07091
-26.00000 300.00000 50000.00000 64.46375
-26.00000 302.00000 50000.00000 65.92988
-26.00000 304.00000 50000.00000 45.83689
-26.00000 306.00000 50000.00000 34.48999
-26.00000 308.00000 50000.00000 14.73977
-26.00000 310.00000 50000.00000 2.01223
-26.00000 312.00000 50000.00000 67.23611
-26.00000 314.00000 50000.00000 145.99418
-26.00000 316.00000 50000.00000 215.48640
-26.00000 318.00000 50000.00000 260.53705
-26.00000 320.00000 50000.00000 319.35905
-26.00000 322.00000 50000.00000 336.92649
-26.00000 324.00000 50000.00000 344.98356
-26.00000 326.00000 50000.00000 351.23522
-26.00000 328.00000 50000.00000 343.80271
-26.00000 330.00000 50000.00000 282.40528
-24.00000 270.00000 50000.00000 230.61581
-24.00000 272.00000 50000.00000 278.42532
-24.00000 274.00000 50000.00000 293.78469
-24.00000 276.00000 50000.00000 307.08999
-24.00000 278.00000 50000.00000 309.17608
-24.00000 280.00000 50000.00000 326.71546
-24.00000 282.00000 50000.00000 332.75230
-24.00000 284.00000 50000.00000 322.80223
-24.00000 286.00000 50000.00000 299.71140
-24.00000 288.00000 50000.00000 243.88640
-24.00000 290.00000 50000.00000 -7.27619
-24.00000 292.00000 50000.00000 -236.08862
-24.00000 294.00000 50000.00000 -205.02068
-24.00000 296.00000 50000.00000 4.75008
-24.00000 298.00000 50000.00000 56.76947
-24.00000 300.00000 50000.00000 63.54473
-24.00000 302.00000 50000.00000 56.82705
-24.00000 304.00000 50000.00000 30.81492
-24.00000 306.00000 50000.00000 36.35141
-24.00000 308.00000 50000.00000 21.74559
-24.00000 310.00000 50000.00000 4.94993
-24.00000 312.00000 50000.00000 -10.74156
-24.00000 314.00000 50000.00000 46.99205
-24.00000 316.00000 50000.00000 117.25904
-24.00000 318.00000 50000.00000 181.71879
-24.00000 320.00000 50000.00000 267.04790
-24.00000 322.00000 50000.00000 309.32163
-24.00000 324.00000 50000.00000 325.27911
-24.00000 326.00000 50000.00000 350.25408
-24.00000 328.00000 50000.00000 361.62030
-24.00000 330.00000 50000.00000 289.44643
-22.00000 270.00000 50000.00000 244.75121
-22.00000 272.00000 50000.00000 296.25527
-22.00000 274.00000 50000.00000 308.20888
-22.00000 276.00000 50000.00000 291.89013
-22.00000 278.00000 50000.00000 282.36281
-22.00000 280.00000 50000.00000 324.76390
-22.00000 282.00000 50000.00000 338.16786
-22.00000 284.00000 50000.00000 338.39083
-22.00000 286.00000 50000.00000 323.19051
-22.00000 288.00000 50000.00000 273.76707
-22.00000 290.00000 50000.00000 -1.59657
-22.00000 292.00000 50000.00000 -250.76200
-22.00000 294.00000 50000.00000 -222.97932
-22.00000 296.00000 50000.00000 -62.28298
-22.00000 298.00000 50000.00000 57.83091
-22.00000 300.00000 50000.00000 60.88882
-22.00000 302.00000 50000.00000 54.76638
-22.00000 304.00000 50000.00000 26.11704
-22.00000 306.00000 50000.00000 19.12607
-22.00000 308.00000 50000.00000 28.25157
-22.00000 310.00000 50000.00000 4.35437
-22.00000 312.00000 50000.00000 -29.06091
-22.00000 314.00000 50000.00000 -37.46890
-22.00000 316.00000 50000.00000 -12.13476
-22.00000 318.00000 50000.00000 38.94728
-22.00000 320.00000 50000.00000 192.14185
-22.00000 322.00000 50000.00000 279.59342
-22.00000 324.00000 50000.00000 313.57602
-22.00000 326.00000 50000.00000 327.43964
-22.00000 328.00000 50000.00000 342.79839
-22.00000 330.00000 50000.00000 290.38208
-20.00000 270.00000 50000.00000 247.38036
-20.00000 272.00000 50000.00000 307.34368
-20.00000 274.00000 50000.00000 318.46219
-20.00000 276.00000 50000.00000 318.24659
-20.00000 278.00000 50000.00000 296.45982
-20.00000 280.00000 50000.00000 298.44540
-20.00000 282.00000 50000.00000 331.74945
-20.00000 284.00000 50000.00000 348.42500
-20.00000 286.00000 50000.00000 335.40067
-20.00000 288.00000 50000.00000 247.43465
-20.00000 290.00000 50000.00000 -13.95010
-20.00000 292.00000 50000.00000 -218.42896
-20.00000 294.00000 50000.00000 -234.71492
-20.00000 296.00000 50000.00000 -80.09583
-20.00000 298.00000 50000.00000 45.48728
-20.00000 300.00000 50000.00000 51.69878
-20.00000 302.00000 50000.00000 48.11997
-20.00000 304.00000 50000.00000 35.92669
-20.00000 306.00000 50000.00000 5.38175
-20.00000 308.00000 50000.00000 7.25739
-20.00000 310.00000 50000.00000 0.23855
-20.00000 312.00000 50000.00000 -31.32781
-20.00000 314.00000 50000.00000 -45.26601
-20.00000 316.00000 50000.00000 -32.94749
-20.00000 318.00000 50000.00000 -3.36083
-20.00000 320.00000 50000.00000 124.16838
-20.00000 322.00000 50000.00000 218.59533
-20.00000 324.00000 50000.00000 314.07268
-20.00000 326.00000 50000.00000 319.79256
-20.00000 328.00000 50000.00000 333.92279
-20.00000 330.00000 50000.00000 282.09778
-18.00000 270.00000 50000.00000 254.84272
-18.00000 272.00000 50000.00000 315.24266
-18.00000 274.00000 50000.00000 322.19646
-18.00000 276.00000 50000.00000 328.69268
-18.00000 278.00000 50000.00000 327.29044
-18.00000 280.00000 50000.00000 299.58762
-18.00000 282.00000 50000.00000 301.21561
-18.00000 284.00000 50000.00000 316.19178
-18.00000 286.00000 50000.00000 283.04138
-18.00000 288.00000 50000.00000 115.44885
-18.00000 290.00000 50000.00000 -118.62534
-18.00000 292.00000 50000.00000 -217.61435
-18.00000 294.00000 50000.00000 -128.78703
-18.00000 296.00000 50000.00000 -39.81818
-18.00000 298.00000 50000.00000 24.29163
-18.00000 300.00000 50000.00000 31.61769
-18.00000 302.00000 50000.00000 36.98645
-18.00000 304.00000 50000.00000 32.63382
-18.00000 306.00000 50000.00000 -3.28235
-18.00000 308.00000 50000.00000 -20.52613
-18.00000 310.00000 50000.00000 -28.90806
-18.00000 312.00000 50000.00000 -62.34476
-18.00000 314.00000 50000.00000 -53.04841
-18.00000 316.00000 50000.00000 -57.21095
-18.00000 318.00000 50000.00000 -14.32632
-18.00000 320.00000 50000.00000 60.38796
-18.00000 322.00000 50000.00000 183.44150
-18.00000 324.00000 50000.00000 232.61771
-18.00000 326.00000 50000.00000 325.88103
-18.00000 328.00000 50000.00000 338.91972
-18.00000 330.00000 50000.00000 283.20532
-16.00000 270.00000 50000.00000 249.03135
-16.00000 272.00000 50000.00000 308.60503
-16.00000 274.00000 50000.00000 328.27739
-16.00000 276.00000 50000.00000 338.38825
-16.00000 278.00000 50000.00000 335.82449
-16.00000 280.00000 50000.00000 327.54765
-16.00000 282.00000 50000.00000 277.45334
-16.00000 284.00000 50000.00000 201.99332
-16.00000 286.00000 50000.00000 81.81662
-16.00000 288.00000 50000.00000 -158.11816
-16.00000 290.00000 50000.00000 -234.45511
-16.00000 292.00000 50000.00000 -124.07844
-16.00000 294.00000 50000.00000 -53.68173
-16.00000 296.00000 50000.00000 16.64656
-16.00000 298.00000 50000.00000 32.77379
-16.00000 300.00000 50000.00000 31.33894
-16.00000 302.00000 50000.00000 23.58605
-16.00000 304.00000 50000.00000 17.13748
-16.00000 306.00000 50000.00000 -11.26840
-16.00000 308.00000 50000.00000 -7.37633
-16.00000 310.00000 50000.00000 -34.97066
-16.00000 312.00000 50000.00000 -79.01496
-16.00000 314.00000 50000.00000 -42.55266
-16.00000 316.00000 50000.00000 -45.44683
-16.00000 318.00000 50000.00000 -33.90148
-16.00000 320.00000 50000.00000 35.99211
-16.00000 322.00000 50000.00000 181.71937
-16.00000 324.00000 50000.00000 306.73622
-16.00000 326.00000 50000.00000 334.24939
-16.00000 328.00000 50000.00000 341.98164
-16.00000 330.00000 50000.00000 286.07521
-14.00000 270.00000 50000.00000 236.40214
-14.00000 272.00000 50000.00000 297.12517
-14.00000 274.00000 50000.00000 328.78916
-14.00000 276.00000 50000.00000 341.45435
-14.00000 278.00000 50000.00000 340.73993
-14.00000 280.00000 50000.00000 322.16336
-14.00000 282.00000 50000.00000 253.74022
-14.00000 284.00000 50000.00000 40.53284
-14.00000 286.00000 50000.00000 -200.43617
-14.00000 288.00000 50000.00000 -202.14609
-14.00000 290.00000 50000.00000 -129.78643
-14.00000 292.00000 50000.00000 -4.79481
-14.00000 294.00000 50000.00000 42.83475
-14.00000 296.00000 50000.00000 45.61788
-14.00000 298.00000 50000.00000 31.39266
-14.00000 300.00000 50000.00000 20.98759
-14.00000 302.00000 50000.00000 -1.68739
-14.00000 304.00000 50000.00000 -15.21665
-14.00000 306.00000 50000.00000 -27.57316
-14.00000 308.00000 50000.00000 -14.23646
-14.00000 310.00000 50000.00000 -10.79937
-14.00000 312.00000 50000.00000 -45.78947
-14.00000 314.00000 50000.00000 -44.22571
-14.00000 316.00000 50000.00000 -25.04682
-14.00000 318.00000 50000.00000 -35.00496
-14.00000 320.00000 50000.00000 16.15423
-14.00000 322.00000 50000.00000 250.12944
-14.00000 324.00000 50000.00000 327.58501
-14.00000 326.00000 50000.00000 334.34780
-14.00000 328.00000 50000.00000 337.66562
-14.00000 330.00000 50000.00000 298.70384
-12.00000 270.00000 50000.00000 254.05899
-12.00000 272.00000 50000.00000 290.71366
-12.00000 274.00000 50000.00000 313.67906
-12.00000 276.00000 50000.00000 325.19339
-12.00000 278.00000 50000.00000 332.00380
-12.00000 280.00000 50000.00000 312.68189
-12.00000 282.00000 50000.00000 136.32145
-12.00000 284.00000 50000.00000 -192.95407
-12.00000 286.00000 50000.00000 -42.48111
-12.00000 288.00000 50000.00000 -17.76663
-12.00000 290.00000 50000.00000 42.60157
-12.00000 292.00000 50000.00000 65.89893
-12.00000 294.00000 50000.00000 71.59680
-12.00000 296.00000 50000.00000 50.61593
-12.00000 298.00000 50000.00000 38.43854
-12.00000 300.00000 50000.00000 21.27540
-12.00000 302.00000 50000.00000 13.96629
-12.00000 304.00000 50000.00000 -17.34893
-12.00000 306.00000 50000.00000 -7.09953
-12.00000 308.00000 50000.00000 -6.67130
-12.00000 310.00000 50000.00000 -24.97026
-12.00000 312.00000 50000.00000 -23.70492
-12.00000 314.00000 50000.00000 -38.10467
-12.00000 316.00000 50000.00000 -44.71461
-12.00000 318.00000 50000.00000 -33.27302
-12.00000 320.00000 50000.00000 9.80775
-12.00000 322.00000 50000.00000 109.12500
-12.00000 324.00000 50000.00000 282.89854
-12.00000 326.00000 50000.00000 334.49479
-12.00000 328.00000 50000.00000 338.12022
-12.00000 330.00000 50000.00000 300.19329
-10.00000 270.00000 50000.00000 234.44206
-10.00000 272.00000 50000.00000 297.06890
-10.00000 274.00000 50000.00000 313.47137
-10.00000 276.00000 50000.00000 320.58944
-10.00000 278.00000 50000.00000 319.01822
-10.00000 280.00000 50000.00000 219.72194
-10.00000 282.00000 50000.00000 21.36847
-10.00000 284.00000 50000.00000 -153.46076
-10.00000 286.00000 50000.00000 25.79769
-10.00000 288.00000 50000.00000 43.16771
-10.00000 290.00000 50000.00000 53.78377
-10.00000 292.00000 50000.00000 57.66308
-10.00000 294.00000 50000.00000 50.48544
-10.00000 296.00000 50000.00000 40.32081
-10.00000 298.00000 50000.00000 32.23997
-10.00000 300.00000 50000.00000 14.07642
-10.00000 302.00000 50000.00000 -0.08684
-10.00000 304.00000 50000.00000 -1.62086
-10.00000 306.00000 50000.00000 -14.44186
-10.00000 308.00000 50000.00000 0.03052
-10.00000 310.00000 50000.00000 -13.33469
-10.00000 312.00000 50000.00000 -3.67223
-10.00000 314.00000 50000.00000 -13.97724
-10.00000 316.00000 50000.00000 -1.10517
-10.00000 318.00000 50000.00000 -30.54280
-10.00000 320.00000 50000.00000 -0.97479
-10.00000 322.00000 50000.00000 29.37627
-10.00000 324.00000 50000.00000 141.19910
-10.00000 326.00000 50000.00000 310.55497
-10.00000 328.00000 50000.00000 360.47113
-10.00000 330.00000 50000.00000 299.08583
-8.00000 270.00000 50000.00000 230.26918
-8.00000 272.00000 50000.00000 294.73631
-8.00000 274.00000 50000.00000 301.94334
-8.00000 276.00000 50000.00000 309.89355
-8.00000 278.00000 50000.00000 285.14208
-8.00000 280.00000 50000.00000 105.24789
-8.00000 282.00000 50000.00000 -133.16563
-8.00000 284.00000 50000.00000 -73.41702
-8.00000 286.00000 50000.00000 43.97250
-8.00000 288.00000 50000.00000 58.77975
-8.00000 290.00000 50000.00000 61.03912
-8.00000 292.00000 50000.00000 48.07959
-8.00000 294.00000 50000.00000 37.56561
-8.00000 296.00000 50000.00000 46.86658
-8.00000 298.00000 50000.00000 36.94917
-8.00000 300.00000 50000.00000 23.09846
-8.00000 302.00000 50000.00000 18.24941
-8.00000 304.00000 50000.00000 0.80928
-8.00000 306.00000 50000.00000 -26.30363
-8.00000 308.00000 50000.00000 -10.34292
-8.00000 310.00000 50000.00000 -13.16979
-8.00000 312.00000 50000.00000 -5.28897
-8.00000 314.00000 50000.00000 -12.40499
-8.00000 316.00000 50000.00000 -6.35498
-8.00000 318.00000 50000.00000 5.76748
-8.00000 320.00000 50000.00000 12.93265
-8.00000 322.00000 50000.00000 21.36644
-8.00000 324.00000 50000.00000 58.62949
-8.00000 326.00000 50000.00000 217.53890
-8.00000 328.00000 50000.00000 316.31718
-8.00000 330.00000 50000.00000 299.56653
-6.00000 270.00000 50000.00000 207.51806
-6.00000 272.00000 50000.00000 275.38361
-6.00000 274.00000 50000.00000 291.16894
-6.00000 276.00000 50000.00000 292.05973
-6.00000 278.00000 50000.00000 243.96240
-6.00000 280.00000 50000.00000 39.92542
-6.00000 282.00000 50000.00000 -50.20116
-6.00000 284.00000 50000.00000 20.47451
-6.00000 286.00000 50000.00000 67.44065
-6.00000 288.00000 50000.00000 77.51730
-6.00000 290.00000 50000.00000 73.66312
-6.00000 292.00000 50000.00000 64.84305
-6.00000 294.00000 50000.00000 62.39836
-6.00000 296.00000 50000.00000 44.69575
-6.00000 298.00000 50000.00000 38.21831
-6.00000 300.00000 50000.00000 24.28816
-6.00000 302.00000 50000.00000 18.67379
-6.00000 304.00000 50000.00000 -9.31896
-6.00000 306.00000 50000.00000 -17.98340
-6.00000 308.00000 50000.00000 -11.13650
-6.00000 310.00000 50000.00000 14.46511
-6.00000 312.00000 50000.00000 2.73151
-6.00000 314.00000 50000.00000 7.85981
-6.00000 316.00000 50000.00000 19.95541
-6.00000 318.00000 50000.00000 14.82308
-6.00000 320.00000 50000.00000 12.49052
-6.00000 322.00000 50000.00000 36.64431
-6.00000 324.00000 50000.00000 89.16443
-6.00000 326.00000 50000.00000 282.46124
-6.00000 328.00000 50000.00000 349.12263
-6.00000 330.00000 50000.00000 290.52620
-4.00000 270.00000 50000.00000 205.03759
-4.00000 272.00000 50000.00000 252.97543
-4.00000 274.00000 50000.00000 258.70074
-4.00000 276.00000 50000.00000 255.88230
-4.00000 278.00000 50000.00000 215.96158
-4.00000 280.00000 50000.00000 27.72644
-4.00000 282.00000 50000.00000 -23.50570
-4.00000 284.00000 50000.00000 54.55000
-4.00000 286.00000 50000.00000 86.28230
-4.00000 288.00000 50000.00000 69.55388
-4.00000 290.00000 50000.00000 62.49595
-4.00000 292.00000 50000.00000 51.01487
-4.00000 294.00000 50000.00000 64.36287
-4.00000 296.00000 50000.00000 40.18626
-4.00000 298.00000 50000.00000 40.99731
-4.00000 300.00000 50000.00000 57.84325
-4.00000 302.00000 50000.00000 53.96993
-4.00000 304.00000 50000.00000 7.57468
-4.00000 306.00000 50000.00000 -7.48118
-4.00000 308.00000 50000.00000 -7.89684
-4.00000 310.00000 50000.00000 9.07198
-4.00000 312.00000 50000.00000 19.33186
-4.00000 314.00000 50000.00000 11.92293
-4.00000 316.00000 50000.00000 40.16688
-4.00000 318.00000 50000.00000 42.96335
-4.00000 320.00000 50000.00000 46.21142
-4.00000 322.00000 50000.00000 135.64746
-4.00000 324.00000 50000.00000 185.86907
-4.00000 326.00000 50000.00000 296.16096
-4.00000 328.00000 50000.00000 335.85217
-4.00000 330.00000 50000.00000 291.89769
-2.00000 270.00000 50000.00000 167.99631
-2.00000 272.00000 50000.00000 210.89170
-2.00000 274.00000 50000.00000 224.41377
-2.00000 276.00000 50000.00000 213.00218
-2.00000 278.00000 50000.00000 177.83997
-2.00000 280.00000 50000.00000 83.48451
-2.00000 282.00000 50000.00000 1.75724
-2.00000 284.00000 50000.00000 60.18674
-2.00000 286.00000 50000.00000 78.19975
-2.00000 288.00000 50000.00000 71.78283
-2.00000 290.00000 50000.00000 61.22103
-2.00000 292.00000 50000.00000 45.82587
-2.00000 294.00000 50000.00000 48.32899
-2.00000 296.00000 50000.00000 37.36365
-2.00000 298.00000 50000.00000 33.41038
-2.00000 300.00000 50000.00000 23.26636
-2.00000 302.00000 50000.00000 31.78882
-2.00000 304.00000 50000.00000 47.33605
-2.00000 306.00000 50000.00000 26.69082
-2.00000 308.00000 50000.00000 37.06596
-2.00000 310.00000 50000.00000 59.00775
-2.00000 312.00000 50000.00000 45.74068
-2.00000 314.00000 50000.00000 45.93670
-2.00000 316.00000 50000.00000 101.74550
-2.00000 318.00000 50000.00000 184.76669
-2.00000 320.00000 50000.00000 226.33008
-2.00000 322.00000 50000.00000 276.73393
-2.00000 324.00000 50000.00000 302.25006
-2.00000 326.00000 50000.00000 320.65062
-2.00000 328.00000 50000.00000 330.06162
-2.00000 330.00000 50000.00000 272.34968
0.00000 270.00000 50000.00000 108.25841
0.00000 272.00000 50000.00000 181.77778
0.00000 274.00000 50000.00000 215.92722
0.00000 276.00000 50000.00000 232.50618
0.00000 278.00000 50000.00000 183.29243
0.00000 280.00000 50000.00000 76.44234
0.00000 282.00000 50000.00000 -116.19888
0.00000 284.00000 50000.00000 47.18093
0.00000 286.00000 50000.00000 67.67189
0.00000 288.00000 50000.00000 67.49755
0.00000 290.00000 50000.00000 53.38597
0.00000 292.00000 50000.00000 46.87018
0.00000 294.00000 50000.00000 29.20015
0.00000 296.00000 50000.00000 33.96400
0.00000 298.00000 50000.00000 38.75748
0.00000 300.00000 50000.00000 16.01669
0.00000 302.00000 50000.00000 -14.08813
0.00000 304.00000 50000.00000 -8.53407
0.00000 306.00000 50000.00000 -7.82921
0.00000 308.00000 50000.00000 30.30662
0.00000 310.00000 50000.00000 74.99207
0.00000 312.00000 50000.00000 74.63243
0.00000 314.00000 50000.00000 119.18874
0.00000 316.00000 50000.00000 236.09225
0.00000 318.00000 50000.00000 295.36395
0.00000 320.00000 50000.00000 307.20106
0.00000 322.00000 50000.00000 327.46994
0.00000 324.00000 50000.00000 331.87807
0.00000 326.00000 50000.00000 327.88630
0.00000 328.00000 50000.00000 313.20530
0.00000 330.00000 50000.00000 242.86498
2.00000 270.00000 50000.00000 139.98186
2.00000 272.00000 50000.00000 187.88170
2.00000 274.00000 50000.00000 230.72297
2.00000 276.00000 50000.00000 243.60095
2.00000 278.00000 50000.00000 250.69319
2.00000 280.00000 50000.00000 193.39956
2.00000 282.00000 50000.00000 75.87518
2.00000 284.00000 50000.00000 6.23151
2.00000 286.00000 50000.00000 39.80267
2.00000 288.00000 50000.00000 57.29596
2.00000 290.00000 50000.00000 38.88261
2.00000 292.00000 50000.00000 38.80499
2.00000 294.00000 50000.00000 2.85606
2.00000 296.00000 50000.00000 -2.60647
2.00000 298.00000 50000.00000 24.53847
2.00000 300.00000 50000.00000 12.53063
2.00000 302.00000 50000.00000 -2.95152
2.00000 304.00000 50000.00000 4.80840
2.00000 306.00000 50000.00000 -3.33679
2.00000 308.00000 50000.00000 24.34843
2.00000 310.00000 50000.00000 82.34989
2.00000 312.00000 50000.00000 137.00786
2.00000 314.00000 50000.00000 245.01996
2.00000 316.00000 50000.00000 330.39389
2.00000 318.00000 50000.00000 348.87469
2.00000 320.00000 50000.00000 342.34613
2.00000 322.00000 50000.00000 336.96841
2.00000 324.00000 50000.00000 321.92717
2.00000 326.00000 50000.00000 311.12474
2.00000 328.00000 50000.00000 277.59014
2.00000 330.00000 50000.00000 222.90963
4.00000 270.00000 50000.00000 168.10795
4.00000 272.00000 50000.00000 176.91488
4.00000 274.00000 50000.00000 206.49964
4.00000 276.00000 50000.00000 244.29984
4.00000 278.00000 50000.00000 238.99685
4.00000 280.00000 50000.00000 237.12978
4.00000 282.00000 50000.00000 140.82771
4.00000 284.00000 50000.00000 -27.67285
4.00000 286.00000 50000.00000 -51.44887
4.00000 288.00000 50000.00000 30.73368
4.00000 290.00000 50000.00000 36.30331
4.00000 292.00000 50000.00000 19.81917
4.00000 294.00000 50000.00000 -8.13670
4.00000 296.00000 50000.00000 -23.25992
4.00000 298.00000 50000.00000 -6.49987
4.00000 300.00000 50000.00000 0.46213
4.00000 302.00000 50000.00000 17.38388
4.00000 304.00000 50000.00000 -5.98171
4.00000 306.00000 50000.00000 7.23505
4.00000 308.00000 50000.00000 40.66610
4.00000 310.00000 50000.00000 139.43306
4.00000 312.00000 50000.00000 252.57559
4.00000 314.00000 50000.00000 315.23866
4.00000 316.00000 50000.00000 328.61521
4.00000 318.00000 50000.00000 327.80152
4.00000 320.00000 50000.00000 338.41761
4.00000 322.00000 50000.00000 335.20126
4.00000 324.00000 50000.00000 319.07379
4.00000 326.00000 50000.00000 294.69804
4.00000 328.00000 50000.00000 292.54620
4.00000 330.00000 50000.00000 241.21026
6.00000 270.00000 50000.00000 208.12719
6.00000 272.00000 50000.00000 221.57788
6.00000 274.00000 50000.00000 194.72318
6.00000 276.00000 50000.00000 218.48836
6.00000 278.00000 50000.00000 237.67345
6.00000 280.00000 50000.00000 251.55053
6.00000 282.00000 50000.00000 216.48300
6.00000 284.00000 50000.00000 16.44764
6.00000 286.00000 50000.00000 -30.74420
6.00000 288.00000 50000.00000 8.63776
6.00000 290.00000 50000.00000 34.52086
6.00000 292.00000 50000.00000 14.18431
6.00000 294.00000 50000.00000 18.59029
6.00000 296.00000 50000.00000 7.99985
6.00000 298.00000 50000.00000 -11.86871
6.00000 300.00000 50000.00000 9.66362
6.00000 302.00000 50000.00000 52.59050
6.00000 304.00000 50000.00000 76.44500
6.00000 306.00000 50000.00000 106.37617
6.00000 308.00000 50000.00000 175.26478
6.00000 310.00000 50000.00000 298.95179
6.00000 312.00000 50000.00000 317.51750
6.00000 314.00000 50000.00000 313.96957
6.00000 316.00000 50000.00000 321.96540
6.00000 318.00000 50000.00000 352.42008
6.00000 320.00000 50000.00000 341.22851
6.00000 322.00000 50000.00000 332.99118
6.00000 324.00000 50000.00000 323.14797
6.00000 326.00000 50000.00000 289.64265
6.00000 328.00000 50000.00000 284.94029
6.00000 330.00000 50000.00000 251.57665
8.00000 270.00000 50000.00000 214.18749
8.00000 272.00000 50000.00000 259.84483
8.00000 274.00000 50000.00000 238.64493
8.00000 276.00000 50000.00000 160.42237
8.00000 278.00000 50000.00000 144.46103
8.00000 280.00000 50000.00000 144.83821
8.00000 282.00000 50000.00000 156.02695
8.00000 284.00000 50000.00000 47.87683
8.00000 286.00000 50000.00000 4.42751
8.00000 288.00000 50000.00000 -80.85819
8.00000 290.00000 50000.00000 33.83079
8.00000 292.00000 50000.00000 48.22036
8.00000 294.00000 50000.00000 47.20000
8.00000 296.00000 50000.00000 38.56701
8.00000 298.00000 50000.00000 27.36813
8.00000 300.00000 50000.00000 54.96119
8.00000 302.00000 50000.00000 131.47312
8.00000 304.00000 50000.00000 239.44401
8.00000 306.00000 50000.00000 228.80430
8.00000 308.00000 50000.00000 285.71957
8.00000 310.00000 50000.00000 345.24346
8.00000 312.00000 50000.00000 338.80076
8.00000 314.00000 50000.00000 343.89128
8.00000 316.00000 50000.00000 346.95534
8.00000 318.00000 50000.00000 337.28416
8.00000 320.00000 50000.00000 289.98117
8.00000 322.00000 50000.00000 315.28693
8.00000 324.00000 50000.00000 301.52741
8.00000 326.00000 50000.00000 332.40546
8.00000 328.00000 50000.00000 328.77972
8.00000 330.00000 50000.00000 267.53285
10.00000 270.00000 50000.00000 224.52126
10.00000 272.00000 50000.00000 258.45847
10.00000 274.00000 50000.00000 163.50312
10.00000 276.00000 50000.00000 85.14303
10.00000 278.00000 50000.00000 210.73318
10.00000 280.00000 50000.00000 203.32248
10.00000 282.00000 50000.00000 207.26760
10.00000 284.00000 50000.00000 163.15546
10.00000 286.00000 50000.00000 59.54780
10.00000 288.00000 50000.00000 57.50806
10.00000 290.00000 50000.00000 87.39939
10.00000 292.00000 50000.00000 60.89440
10.00000 294.00000 50000.00000 53.58821
10.00000 296.00000 50000.00000 3.09430
10.00000 298.00000 50000.00000 28.40667
10.00000 300.00000 50000.00000 135.00260
10.00000 302.00000 50000.00000 273.89711
10.00000 304.00000 50000.00000 308.12887
10.00000 306.00000 50000.00000 337.06252
10.00000 308.00000 50000.00000 356.52505
10.00000 310.00000 50000.00000 363.89143
10.00000 312.00000 50000.00000 349.17693
10.00000 314.00000 50000.00000 338.12724
10.00000 316.00000 50000.00000 321.57947
10.00000 318.00000 50000.00000 297.07296
10.00000 320.00000 50000.00000 307.22135
10.00000 322.00000 50000.00000 336.24102
10.00000 324.00000 50000.00000 329.34310
10.00000 326.00000 50000.00000 366.86794
10.00000 328.00000 50000.00000 361.30899
10.00000 330.00000 50000.00000 302.21851
12.00000 270.00000 50000.00000 198.05495
12.00000 272.00000 50000.00000 163.87403
12.00000 274.00000 50000.00000 94.47102
12.00000 276.00000 50000.00000 109.55902
12.00000 278.00000 50000.00000 213.83077
12.00000 280.00000 50000.00000 279.08708
12.00000 282.00000 50000.00000 316.20231
12.00000 284.00000 50000.00000 307.02416
12.00000 286.00000 50000.00000 164.88607
12.00000 288.00000 50000.00000 142.10400
12.00000 290.00000 50000.00000 135.60686
12.00000 292.00000 50000.00000 200.57226
12.00000 294.00000 50000.00000 150.45985
12.00000 296.00000 50000.00000 158.65528
12.00000 298.00000 50000.00000 171.51776
12.00000 300.00000 50000.00000 185.91627
12.00000 302.00000 50000.00000 300.37384
12.00000 304.00000 50000.00000 352.37476
12.00000 306.00000 50000.00000 359.41548
12.00000 308.00000 50000.00000 357.29447
12.00000 310.00000 50000.00000 341.51964
12.00000 312.00000 50000.00000 321.89016
12.00000 314.00000 50000.00000 293.91282
12.00000 316.00000 50000.00000 257.18500
12.00000 318.00000 50000.00000 307.46368
12.00000 320.00000 50000.00000 330.72368
12.00000 322.00000 50000.00000 347.03691
12.00000 324.00000 50000.00000 371.35103
12.00000 326.00000 50000.00000 380.46591
12.00000 328.00000 50000.00000 372.26819
12.00000 330.00000 50000.00000 320.91126
14.00000 270.00000 50000.00000 36.35590
14.00000 272.00000 50000.00000 8.41147
14.00000 274.00000 50000.00000 19.26717
14.00000 276.00000 50000.00000 98.74863
14.00000 278.00000 50000.00000 167.12373
14.00000 280.00000 50000.00000 238.91070
14.00000 282.00000 50000.00000 288.23989
14.00000 284.00000 50000.00000 316.07256
14.00000 286.00000 50000.00000 306.31303
14.00000 288.00000 50000.00000 283.64642
14.00000 290.00000 50000.00000 273.88133
14.00000 292.00000 50000.00000 316.92095
14.00000 294.00000 50000.00000 333.26726
14.00000 296.00000 50000.00000 250.97017
14.00000 298.00000 50000.00000 233.18864
14.00000 300.00000 50000.00000 239.62602
14.00000 302.00000 50000.00000 337.76718
14.00000 304.00000 50000.00000 366.97086
14.00000 306.00000 50000.00000 358.59389
14.00000 308.00000 50000.00000 348.23307
14.00000 310.00000 50000.00000 311.24379
14.00000 312.00000 50000.00000 288.46980
14.00000 314.00000 50000.00000 266.98537
14.00000 316.00000 50000.00000 280.33064
14.00000 318.00000 50000.00000 323.61139
14.00000 320.00000 50000.00000 341.37044
14.00000 322.00000 50000.00000 368.77712
14.00000 324.00000 50000.00000 395.05500
14.00000 326.00000 50000.00000 396.37980
14.00000 328.00000 50000.00000 381.73128
14.00000 330.00000 50000.00000 319.61657
16.00000 270.00000 50000.00000 29.67508
16.00000 272.00000 50000.00000 86.52254
16.00000 274.00000 50000.00000 117.77749
16.00000 276.00000 50000.00000 144.28436
16.00000 278.00000 50000.00000 160.65058
16.00000 280.00000 50000.00000 171.72691
16.00000 282.00000 50000.00000 220.87770
16.00000 284.00000 50000.00000 259.48251
16.00000 286.00000 50000.00000 286.00030
16.00000 288.00000 50000.00000 279.42265
16.00000 290.00000 50000.00000 301.45991
16.00000 292.00000 50000.00000 319.76480
16.00000 294.00000 50000.00000 326.37385
16.00000 296.00000 50000.00000 235.23921
16.00000 298.00000 50000.00000 225.33046
16.00000 300.00000 50000.00000 245.50154
16.00000 302.00000 50000.00000 370.25066
16.00000 304.00000 50000.00000 370.51082
16.00000 306.00000 50000.00000 358.02598
16.00000 308.00000 50000.00000 335.88455
16.00000 310.00000 50000.00000 287.63032
16.00000 312.00000 50000.00000 289.83970
16.00000 314.00000 50000.00000 262.67824
16.00000 316.00000 50000.00000 305.58587
16.00000 318.00000 50000.00000 336.51759
16.00000 320.00000 50000.00000 360.08499
16.00000 322.00000 50000.00000 362.23645
16.00000 324.00000 50000.00000 366.62506
16.00000 326.00000 50000.00000 381.46131
16.00000 328.00000 50000.00000 365.29954
16.00000 330.00000 50000.00000 302.79782
18.00000 270.00000 50000.00000 63.10752
18.00000 272.00000 50000.00000 107.20420
18.00000 274.00000 50000.00000 253.03250
18.00000 276.00000 50000.00000 293.06368
18.00000 278.00000 50000.00000 280.22684
18.00000 280.00000 50000.00000 293.01989
18.00000 282.00000 50000.00000 181.76904
18.00000 284.00000 50000.00000 178.56999
18.00000 286.00000 50000.00000 203.60437
18.00000 288.00000 50000.00000 241.71389
18.00000 290.00000 50000.00000 141.48417
18.00000 292.00000 50000.00000 189.04389
18.00000 294.00000 50000.00000 216.03127
18.00000 296.00000 50000.00000 243.70771
18.00000 298.00000 50000.00000 228.57543
18.00000 300.00000 50000.00000 335.46334
18.00000 302.00000 50000.00000 364.57923
18.00000 304.00000 50000.00000 351.00403
18.00000 306.00000 50000.00000 331.47118
18.00000 308.00000 50000.00000 312.93888
18.00000 310.00000 50000.00000 283.52145
18.00000 312.00000 50000.00000 277.88668
18.00000 314.00000 50000.00000 252.38787
18.00000 316.00000 50000.00000 288.80628
18.00000 318.00000 50000.00000 313.53474
18.00000 320.00000 50000.00000 353.19427
18.00000 322.00000 50000.00000 372.34523
18.00000 324.00000 50000.00000 363.52431
18.00000 326.00000 50000.00000 366.89064
18.00000 328.00000 50000.00000 351.02787
18.00000 330.00000 50000.00000 284.83944
20.00000 270.00000 50000.00000 53.74902
20.00000 272.00000 50000.00000 93.00645
20.00000 274.00000 50000.00000 221.94506
20.00000 276.00000 50000.00000 229.04730
20.00000 278.00000 50000.00000 201.53459
20.00000 280.00000 50000.00000 187.84440
20.00000 282.00000 50000.00000 114.61996
20.00000 284.00000 50000.00000 76.78413
20.00000 286.00000 50000.00000 117.43634
20.00000 288.00000 50000.00000 58.92805
20.00000 290.00000 50000.00000 90.44988
20.00000 292.00000 50000.00000 177.23727
20.00000 294.00000 50000.00000 226.21202
20.00000 296.00000 50000.00000 261.43161
20.00000 298.00000 50000.00000 275.34042
20.00000 300.00000 50000.00000 285.56252
20.00000 302.00000 50000.00000 281.27701
20.00000 304.00000 50000.00000 266.47010
20.00000 306.00000 50000.00000 270.10125
20.00000 308.00000 50000.00000 253.47261
20.00000 310.00000 50000.00000 235.74987
20.00000 312.00000 50000.00000 220.39291
20.00000 314.00000 50000.00000 193.12754
20.00000 316.00000 50000.00000 230.94340
20.00000 318.00000 50000.00000 269.76481
20.00000 320.00000 50000.00000 268.14654
20.00000 322.00000 50000.00000 300.46021
20.00000 324.00000 50000.00000 320.50736
20.00000 326.00000 50000.00000 302.54197
20.00000 328.00000 50000.00000 301.80180
20.00000 330.00000 50000.00000 243.63653
